Samples/AscendingBridge/Maps/albedo.txt
ncols         26
nrows         23
xllcorner     77700
yllcorner     226200
cellsize      300
NODATA_value  -9999
0.12 0.13 0.162 0.193 0.245 0.242 0.193 0.22 0.21 0.155 0.211 0.25 0.233 0.216 0.22 0.134 0.12 0.14 0.141 0.172 0.193 0.147 0.147 0.125 0.12 0.12 
0.143 0.154 0.221 0.235 0.247 0.2 0.206 0.174 0.221 0.152 0.19 0.202 0.202 0.173 0.157 0.128 0.131 0.16 0.139 0.124 0.133 0.121 0.12 0.12 0.12 0.12 
0.137 0.163 0.193 0.227 0.228 0.149 0.138 0.158 0.157 0.163 0.179 0.187 0.187 0.126 0.12 0.134 0.17 0.165 0.172 0.179 0.124 0.12 0.12 0.12 0.12 0.12 
0.122 0.178 0.216 0.197 0.175 0.19 0.15 0.139 0.134 0.121 0.166 0.15 0.148 0.12 0.12 0.12 0.149 0.186 0.158 0.125 0.12 0.12 0.12 0.12 0.12 0.12 
0.155 0.129 0.137 0.164 0.186 0.16 0.12 0.161 0.127 0.12 0.144 0.139 0.155 0.129 0.123 0.12 0.136 0.178 0.12 0.12 0.12 0.12 0.12 0.12 0.12 0.12 
0.157 0.136 0.125 0.154 0.15 0.132 0.12 0.149 0.126 0.132 0.15 0.156 0.19 0.183 0.168 0.12 0.12 0.142 0.12 0.12 0.12 0.12 0.12 0.12 0.12 0.12 
0.12 0.12 0.12 0.121 0.179 0.173 0.12 0.169 0.146 0.17 0.166 0.19 0.19 0.19 0.187 0.129 0.128 0.151 0.129 0.138 0.122 0.12 0.12 0.123 0.127 0.128 
0.12 0.12 0.12 0.135 0.172 0.156 0.122 0.17 0.158 0.135 0.156 0.187 0.19 0.19 0.169 0.12 0.121 0.147 0.138 0.12 0.158 0.156 0.135 0.17 0.151 0.15 
0.12 0.12 0.12 0.12 0.15 0.148 0.125 0.19 0.159 0.121 0.136 0.165 0.19 0.193 0.232 0.12 0.12 0.12 0.12 0.135 0.174 0.127 0.147 0.168 0.15 0.15 
0.12 0.12 0.12 0.12 0.156 0.176 0.129 0.162 0.13 0.12 0.127 0.151 0.19 0.229 0.248 0.143 0.12 0.12 0.121 0.165 0.139 0.142 0.122 0.14 0.145 0.15 
0.12 0.12 0.12 0.121 0.162 0.19 0.147 0.132 0.142 0.12 0.121 0.14 0.17 0.225 0.234 0.181 0.122 0.12 0.12 0.122 0.123 0.12 0.132 0.15 0.123 0.137 
0.12 0.132 0.167 0.18 0.16 0.169 0.124 0.12 0.138 0.12 0.12 0.136 0.123 0.159 0.191 0.193 0.126 0.12 0.12 0.12 0.12 0.12 0.129 0.121 0.12 0.122 
0.12 0.134 0.147 0.121 0.12 0.12 0.12 0.12 0.121 0.12 0.12 0.127 0.144 0.184 0.145 0.132 0.161 0.133 0.12 0.12 0.12 0.12 0.12 0.12 0.12 0.12 
0.12 0.12 0.12 0.12 0.12 0.12 0.12 0.12 0.12 0.12 0.12 0.12 0.123 0.178 0.153 0.152 0.149 0.181 0.128 0.12 0.12 0.12 0.12 0.12 0.12 0.12 
0.12 0.12 0.12 0.12 0.12 0.12 0.125 0.12 0.12 0.12 0.142 0.132 0.126 0.132 0.14 0.18 0.146 0.175 0.155 0.12 0.12 0.12 0.12 0.12 0.12 0.12 
0.12 0.12 0.12 0.12 0.12 0.12 0.138 0.137 0.12 0.12 0.167 0.236 0.13 0.124 0.12 0.125 0.124 0.159 0.19 0.174 0.14 0.122 0.12 0.12 0.12 0.12 
0.12 0.12 0.12 0.12 0.12 0.12 0.148 0.154 0.124 0.12 0.144 0.25 0.237 0.152 0.124 0.136 0.155 0.155 0.195 0.182 0.159 0.133 0.12 0.12 0.12 0.12 
0.12 0.12 0.12 0.12 0.129 0.14 0.134 0.121 0.12 0.135 0.221 0.241 0.242 0.149 0.134 0.158 0.187 0.184 0.2 0.219 0.153 0.124 0.12 0.12 0.12 0.12 
0.12 0.12 0.12 0.142 0.185 0.149 0.135 0.147 0.122 0.182 0.173 0.167 0.194 0.188 0.154 0.138 0.185 0.166 0.185 0.219 0.189 0.136 0.12 0.12 0.12 0.12 
0.12 0.12 0.147 0.19 0.163 0.127 0.14 0.125 0.168 0.144 0.12 0.12 0.121 0.137 0.159 0.142 0.139 0.151 0.189 0.204 0.209 0.168 0.121 0.12 0.12 0.12 
0.12 0.122 0.152 0.152 0.139 0.172 0.141 0.18 0.232 0.132 0.12 0.12 0.12 0.12 0.129 0.132 0.124 0.133 0.139 0.176 0.224 0.19 0.135 0.12 0.12 0.12 
0.13 0.169 0.165 0.139 0.175 0.13 0.172 0.229 0.204 0.135 0.12 0.147 0.125 0.12 0.12 0.12 0.139 0.182 0.163 0.141 0.203 0.206 0.179 0.124 0.12 0.121 
0.209 0.144 0.132 0.171 0.142 0.218 0.237 0.218 0.16 0.12 0.147 0.182 0.139 0.12 0.12 0.12 0.12 0.125 0.175 0.146 0.179 0.216 0.19 0.189 0.175 0.17 
