Samples/AscendingBridge/Maps/density.txt
ncols         26
nrows         23
xllcorner     77700
yllcorner     226200
cellsize      300
NODATA_value  -9999
278 283 300 546 830 827 627 753 640 296 589 855 805 750 765 369 278 288 289 307 370 418 451 316 278 278 
290 388 685 773 840 661 689 523 680 294 391 489 692 584 504 288 283 299 288 280 284 279 278 278 278 278 
287 320 499 724 777 305 289 419 409 301 310 315 605 322 278 285 305 302 306 310 280 278 278 278 278 278 
279 455 663 682 347 317 293 279 278 278 302 294 329 278 278 278 293 315 298 280 278 278 278 278 278 278 
296 288 392 302 315 299 278 296 278 278 290 288 297 282 279 278 286 310 278 278 278 278 278 278 278 278 
297 286 280 295 293 284 278 287 280 284 293 297 317 313 304 278 278 289 278 278 278 278 278 278 278 278 
278 278 278 279 311 307 278 301 283 304 302 317 317 317 315 282 282 294 282 287 279 278 278 279 265 261 
278 278 278 285 306 297 279 303 296 280 289 315 317 317 393 278 278 292 287 278 298 297 285 289 223 222 
278 278 278 278 294 292 280 317 299 278 278 296 317 370 789 278 278 278 278 285 308 281 292 263 222 222 
278 278 278 278 297 309 282 300 283 278 278 290 324 732 847 401 278 278 278 302 288 289 279 281 229 222 
278 278 278 279 300 317 292 284 289 278 278 279 300 753 768 428 279 278 278 279 279 278 284 294 270 244 
278 284 303 311 299 304 280 278 287 278 278 278 278 367 338 370 281 278 278 278 278 278 282 278 278 274 
278 285 292 279 278 278 278 278 278 278 278 278 290 313 291 284 300 284 278 278 278 278 278 278 278 278 
278 278 278 278 278 278 278 278 278 278 278 278 279 310 295 294 293 312 282 278 278 278 278 278 278 278 
278 278 278 278 278 278 280 278 278 278 419 358 322 284 288 311 291 308 297 278 278 278 278 278 278 278 
278 278 278 278 278 278 287 286 278 278 554 813 346 303 278 278 279 299 317 307 288 279 278 278 278 278 
278 278 278 278 278 278 293 295 280 278 435 855 809 445 278 280 296 296 395 312 299 284 278 278 278 278 
278 278 278 278 282 288 285 278 278 360 762 807 816 312 278 291 316 313 647 733 314 280 278 278 278 278 
278 278 278 289 314 293 285 292 279 374 406 303 422 412 289 280 313 297 512 679 487 286 278 278 278 278 
278 278 292 317 301 281 288 280 418 338 278 278 279 286 298 286 279 286 317 509 563 304 278 278 278 278 
278 279 294 295 288 306 289 361 757 337 278 278 278 278 282 284 279 280 278 305 696 317 285 278 278 278 
283 304 302 288 308 283 306 732 522 285 278 292 280 278 278 278 288 312 295 279 548 532 311 280 278 279 
608 431 284 305 348 757 790 653 417 278 292 312 288 278 278 278 278 280 307 282 308 631 317 317 308 305 
