Samples/AscendingBridge/Maps/emissivity.txt
ncols         26
nrows         23
xllcorner     77700
yllcorner     226200
cellsize      300
NODATA_value  -9999
0.95 0.946 0.932 0.936 0.948 0.95 0.95 0.95 0.938 0.935 0.931 0.95 0.95 0.95 0.95 0.95 0.95 0.942 0.941 0.928 0.922 0.948 0.95 0.95 0.95 0.95 
0.94 0.942 0.937 0.942 0.948 0.95 0.95 0.95 0.936 0.936 0.925 0.926 0.948 0.95 0.95 0.947 0.945 0.933 0.942 0.948 0.945 0.949 0.95 0.95 0.95 0.95 
0.942 0.933 0.932 0.939 0.95 0.944 0.946 0.95 0.946 0.932 0.925 0.922 0.945 0.95 0.95 0.944 0.928 0.931 0.928 0.925 0.948 0.95 0.95 0.95 0.95 0.95 
0.949 0.935 0.937 0.95 0.932 0.92 0.937 0.949 0.95 0.95 0.93 0.937 0.94 0.95 0.95 0.95 0.938 0.922 0.934 0.948 0.95 0.95 0.95 0.95 0.95 0.95 
0.935 0.947 0.95 0.931 0.922 0.933 0.95 0.935 0.95 0.95 0.94 0.942 0.935 0.946 0.949 0.95 0.943 0.925 0.95 0.95 0.95 0.95 0.95 0.95 0.95 0.95 
0.934 0.943 0.948 0.936 0.937 0.945 0.95 0.942 0.948 0.945 0.937 0.934 0.92 0.923 0.929 0.95 0.95 0.94 0.95 0.95 0.95 0.95 0.95 0.95 0.95 0.95 
0.95 0.95 0.95 0.949 0.925 0.927 0.95 0.932 0.946 0.929 0.93 0.92 0.92 0.92 0.922 0.946 0.946 0.937 0.946 0.942 0.949 0.95 0.95 0.949 0.944 0.942 
0.95 0.95 0.95 0.944 0.928 0.935 0.949 0.93 0.935 0.948 0.941 0.922 0.92 0.92 0.935 0.95 0.95 0.938 0.942 0.95 0.934 0.935 0.944 0.925 0.92 0.92 
0.95 0.95 0.95 0.95 0.937 0.938 0.948 0.92 0.933 0.95 0.95 0.935 0.92 0.922 0.947 0.95 0.95 0.95 0.95 0.944 0.927 0.947 0.938 0.921 0.92 0.92 
0.95 0.95 0.95 0.95 0.934 0.926 0.946 0.932 0.946 0.95 0.95 0.94 0.92 0.939 0.949 0.948 0.95 0.95 0.95 0.931 0.942 0.941 0.949 0.94 0.925 0.92 
0.95 0.95 0.95 0.949 0.932 0.92 0.938 0.945 0.94 0.95 0.95 0.948 0.932 0.947 0.942 0.932 0.949 0.95 0.95 0.949 0.949 0.95 0.945 0.937 0.947 0.933 
0.95 0.945 0.93 0.924 0.933 0.929 0.948 0.95 0.942 0.95 0.95 0.95 0.95 0.94 0.921 0.922 0.948 0.95 0.95 0.95 0.95 0.95 0.946 0.95 0.95 0.948 
0.95 0.944 0.938 0.949 0.95 0.95 0.95 0.95 0.95 0.95 0.95 0.95 0.94 0.923 0.939 0.945 0.932 0.945 0.95 0.95 0.95 0.95 0.95 0.95 0.95 0.95 
0.95 0.95 0.95 0.95 0.95 0.95 0.95 0.95 0.95 0.95 0.95 0.95 0.948 0.925 0.936 0.936 0.938 0.924 0.946 0.95 0.95 0.95 0.95 0.95 0.95 0.95 
0.95 0.95 0.95 0.95 0.95 0.95 0.948 0.95 0.95 0.95 0.95 0.95 0.95 0.945 0.941 0.924 0.939 0.926 0.935 0.95 0.95 0.95 0.95 0.95 0.95 0.95 
0.95 0.95 0.95 0.95 0.95 0.95 0.942 0.943 0.95 0.95 0.95 0.95 0.95 0.95 0.95 0.95 0.948 0.933 0.92 0.927 0.942 0.949 0.95 0.95 0.95 0.95 
0.95 0.95 0.95 0.95 0.95 0.95 0.938 0.936 0.948 0.95 0.95 0.95 0.948 0.947 0.95 0.948 0.935 0.935 0.922 0.923 0.933 0.944 0.95 0.95 0.95 0.95 
0.95 0.95 0.95 0.95 0.946 0.941 0.944 0.95 0.95 0.948 0.949 0.945 0.946 0.938 0.95 0.939 0.921 0.923 0.948 0.945 0.937 0.948 0.95 0.95 0.95 0.95 
0.95 0.95 0.95 0.941 0.922 0.938 0.944 0.938 0.949 0.928 0.934 0.93 0.925 0.927 0.941 0.948 0.923 0.934 0.941 0.938 0.932 0.943 0.95 0.95 0.95 0.95 
0.95 0.95 0.938 0.92 0.932 0.947 0.941 0.948 0.937 0.943 0.95 0.95 0.949 0.943 0.934 0.943 0.949 0.943 0.921 0.927 0.929 0.929 0.95 0.95 0.95 0.95 
0.95 0.949 0.936 0.936 0.942 0.928 0.941 0.927 0.941 0.948 0.95 0.95 0.95 0.95 0.946 0.945 0.949 0.948 0.95 0.928 0.937 0.92 0.944 0.95 0.95 0.95 
0.946 0.929 0.931 0.942 0.926 0.946 0.928 0.939 0.928 0.944 0.95 0.938 0.948 0.95 0.95 0.95 0.942 0.924 0.936 0.949 0.932 0.928 0.925 0.948 0.95 0.949 
0.934 0.95 0.945 0.928 0.945 0.95 0.944 0.934 0.941 0.95 0.938 0.924 0.942 0.95 0.95 0.95 0.95 0.948 0.927 0.947 0.926 0.933 0.92 0.92 0.926 0.928 
