Samples/AscendingBridge/Maps/ggeom.txt
ncols             26
nrows             23
xllcorner         77850
yllcorner         226350
cellsize          300
NODATA_value      -9999	 UNIT 	 m
877 861.6 824.3 796.6 780.7 778.7 727.4 674.5 726.3 804.3 840.6 856.3 869 890 914 927.8 938.3 941.9 945 955.5 965 986.8 1025.5 1069.2 1118.5 1167.8 
892.2 875.1 849.9 826 810.6 784.1 719.5 684.5 715.6 787 848.6 867.7 886.2 905.2 923.7 948.5 961 961.3 978.8 1003.3 1020.6 1052.9 1101.4 1162.1 1221.8 1275.5 
919.1 896.6 871.2 848.6 828 797.8 735.6 703.3 721.2 766.7 840.6 880.9 909.7 937.8 954.9 967.4 973 973 996.4 1039 1078.5 1131.3 1189.9 1257.6 1332.3 1392.2 
994.3 947.5 904.6 870.5 842.5 830.4 774.8 724.3 752.6 784.5 819 874.9 930.5 966.3 987.5 993.6 995.7 1003 1028.4 1075.8 1131.8 1200.2 1285.5 1379.4 1457.3 1508.1 
1058.6 995.2 938.3 894.9 867.9 845.5 788.4 734.3 775.8 836 822.7 858.8 940.6 985.1 1011.7 1025.8 1038 1063.4 1110.3 1164.2 1231.3 1301.5 1385.2 1507.6 1609.5 1649.1 
1063.8 1006.3 963.8 920.8 889.2 861.1 794.8 738.6 770.3 824.1 835 874.4 942.6 996.2 1028.3 1044.6 1085.6 1154.3 1237.8 1309.5 1373.9 1436.8 1513.3 1620.7 1728.9 1787.9 
1079.2 1042.6 1010.2 957.3 912.8 881.2 803 732.1 752.8 796 843.4 896.2 941 989.2 1026.3 1078.4 1165.2 1260.9 1374.6 1462.8 1519.8 1589.2 1677.2 1759.9 1821.8 1892.1 
1151.7 1115.6 1074.8 1008.7 939.1 874.2 784.3 715.2 721 765.4 832.6 902.5 945.8 980.1 1029.7 1129.9 1252.9 1347.9 1448.8 1554.5 1640.2 1724.2 1811.3 1898.3 1957.9 2020 
1230.3 1172.4 1123.2 1053.1 965.9 874.6 768.1 707.3 731.6 756.6 803.3 898.3 949.2 979.5 1041.7 1151.4 1273.8 1369.3 1462 1579.7 1687 1778.7 1870.3 1965.7 2075.7 2156.1 
1314.9 1236.3 1166.1 1089.8 1001.8 913.9 799.2 715.9 772.3 789.2 782.6 876.7 939 976.5 1034.3 1130.7 1249.2 1355.8 1453.8 1555 1656.2 1762.4 1869.7 1975.3 2105.8 2177 
1390.2 1290.7 1202.1 1120.5 1031.9 956.9 860 751.9 782 786 753.3 843.5 922.1 967.3 1014.8 1092.2 1209.1 1328 1418.4 1496.3 1594.8 1712.6 1831.4 1945.9 2053 2079.3 
1407.3 1302.4 1203.4 1125.1 1048.2 969 891.9 787.2 777.7 797.8 760.2 796.5 884.1 957.9 1002.1 1065 1162.2 1255.2 1341.6 1435.4 1534.9 1656.2 1773.3 1871.2 1936.6 1891 
1357.2 1274.9 1177.4 1092.7 1034.9 983.6 931.1 831.8 786.8 844.4 820.4 786.8 861.7 946.7 987.6 1029.3 1107.9 1201.9 1299.5 1396.6 1488.3 1594.5 1682.3 1742.9 1757.6 1661.6 
1289.2 1235.6 1164.2 1101.3 1062.7 1025.2 973.2 860.9 803.1 875.5 863.2 797.7 837.1 899.6 924.4 968.2 1058.6 1170 1284.2 1367.6 1446.5 1528.3 1563.2 1573 1536.4 1467.1 
1315.7 1267.7 1209.2 1168.2 1136.8 1081.5 1004.5 882.2 818.8 883.9 895.4 849.4 828.7 814.7 828.5 895.8 1004 1115.7 1229.2 1321.1 1391.8 1433.8 1415.8 1387 1390.6 1430.3 
1464.3 1404.4 1319.6 1239 1182 1124.4 1042.1 932.5 831.8 855.6 929.2 942.5 898.5 842.4 822.2 842.6 939.4 1061.9 1164.2 1244.2 1301.7 1308 1290 1311.9 1399.5 1513.5 
1615.1 1521.8 1406 1282.5 1195.7 1122.8 1038.9 965 858 835.7 938.8 987.8 968.8 925.7 852 837.3 933.9 1038.1 1109.1 1144.7 1175.7 1215.2 1272.3 1364.9 1470.3 1567.5 
1663.4 1521.9 1381.6 1247.4 1156.3 1085.3 1010.9 935.4 868.2 890.9 971.6 1013.9 1002.9 932.4 857 878 973 1036 1052.9 1070.6 1125 1216.5 1325 1425 1520.8 1615.6 
1590.9 1435 1290 1172 1091.8 1031.6 964 882.3 882.4 965.8 1018.8 1048.6 1040.2 967 889.9 894 962.5 1002.1 1017.4 1062.4 1141.3 1244 1353.1 1452.8 1552 1656.2 
1454 1313.3 1191.5 1098.8 1027.9 955.8 896.2 884.2 935.1 1023 1099.5 1137.5 1119.6 1051.3 953.6 885.1 898.7 949.5 1001.3 1056.7 1126.2 1228.3 1342 1448.8 1551.5 1655.3 
1319.9 1199.8 1105.6 1031.4 946.2 879.6 882.7 929.3 981 1083 1209.2 1256.2 1221.2 1146 1040.6 933 881.6 890.3 936.2 1001.2 1084.9 1190.2 1299.8 1404.1 1503.9 1606.2 
1213.3 1121.2 1044.6 962 871.1 868.2 927.7 960.6 1006.7 1124.9 1273.9 1350.6 1322 1241.4 1134.3 1032.9 960.2 903 888 941.6 1042.6 1142.2 1240 1343.2 1444.2 1536.9 
1121.4 1055.6 979.8 895.9 868 913.8 951.8 979.2 1043.3 1165.9 1308.8 1404.7 1410.5 1336.1 1232.9 1150.7 1084.1 995.7 909.8 912.1 999.7 1094.1 1188.8 1286.8 1372.6 1441.3 
