Samples/AscendingBridge/Maps/Mean_Sample_NOx_Highway_3m.txt
ncols         142
nrows         154
xllcorner     80350
yllcorner     228950
cellsize      10
NODATA_value  -9999 	 Unit:	µg/m³
[rows 30 to 59 of 154, columns 0 to 66 of 142]
0.08337 0.17799 0.10432 0.15593 0.29163 0.27635 0.46495 0.65685 0.56529 0.86289 0.84581 1.10594 1.23568 1.19604 1.56636 2.20595 1.9232 2.2335 1.50994 1.21754 1.30811 1.62586 1.30132 1.23277 1.1535 1.47946 1.32849 1.20544 1.18327 1.24807 1.51448 1.11342 1.80094 1.65777 1.04878 0.92414 1.2288 1.49289 1.15965 0.78028 0.94902 0.97835 0.95547 0.84171 0.7924 0.73629 1.0304 0.85349 1.19447 1.4305 1.09662 1.3805 1.15873 1.47234 2.48413 2.47056 3.2505 3.92948 4.01316 3.78471 3.62896 3.73126 3.62641 3.61167 3.04923 3.69481 2.24442
0.07711 0.10947 0.18414 0.21751 0.19589 0.19644 0.69612 0.81 0.94574 0.83495 1.07478 1.18479 1.45978 1.29585 2.44075 2.41347 2.12649 2.06332 1.27395 1.51043 1.46607 1.49415 2.10934 1.70277 1.28252 1.67903 1.27769 1.22186 1.69188 1.48904 1.56762 2.11847 1.65022 1.84864 1.91953 1.71787 1.34684 1.27789 1.25747 1.00092 0.84934 1.1441 1.02157 0.76138 0.81676 0.74171 0.77064 1.16805 0.82563 1.11651 0.76368 0.76817 1.20847 1.14223 1.4975 1.54787 2.36035 2.22712 3.5232 3.45675 3.95668 3.8833 4.0387 3.71699 2.75122 3.51743 2.72727
0.10468 0.12547 0.17248 0.16787 0.1742 0.20393 0.98311 1.00466 1.00631 1.05805 0.95118 1.12238 1.83945 1.97258 2.16523 2.00729 1.84743 2.18882 2.17499 1.64838 1.77982 1.62388 1.81508 1.377 1.471 1.69588 1.05332 1.12384 1.03213 1.13763 1.13317 0.96737 1.10131 1.14671 1.47596 0.83207 1.26732 1.60189 1.51558 1.08791 0.68149 0.89236 1.19799 0.86185 0.78747 0.6897 0.67021 1.13109 1.37377 0.99544 0.74177 0.69973 0.83464 1.28014 1.25437 1.51025 1.46784 2.04732 3.11084 3.37268 3.49797 3.89528 4.19701 2.90341 2.77268 3.31872 3.27204
0.06586 0.11652 0.17268 0.321 0.28991 0.26902 0.16922 0.8327 1.04517 1.05706 1.06668 1.2705 2.25825 1.93085 1.85214 1.94359 1.48676 2.04875 1.87479 1.80918 1.31351 1.87283 2.05978 1.5704 1.78639 1.62818 1.38663 1.2172 1.28123 0.95845 1.00373 0.8774 1.20519 1.07607 1.30346 1.27777 1.38989 1.42144 1.36286 1.41057 0.94008 0.95303 1.02183 0.94284 0.62373 0.90887 0.65379 1.00553 0.89061 0.72243 0.64084 0.64071 1.15643 0.88839 1.06576 1.24237 1.48801 2.17943 2.76888 3.07855 2.79272 3.7196 2.88784 2.60982 3.23012 3.08117 3.48749
0.13406 0.102 0.21443 0.26918 0.1747 0.26148 0.28114 0.7581 1.0213 1.08685 1.2161 1.26272 1.94577 2.46406 2.19362 2.34732 1.41682 1.87928 1.93442 0.93089 0.68529 1.0894 2.04568 2.08934 1.67968 1.46291 1.61503 1.54291 1.31771 1.1937 1.0889 0.87505 0.88154 1.21611 1.32354 1.46571 1.26949 1.34323 1.33256 1.39315 1.22908 1.04629 1.15466 1.0978 0.79925 0.65058 0.65553 0.68336 0.72033 0.86826 0.79453 0.87157 0.60446 0.89744 1.28459 1.10697 1.14586 1.6013 2.20912 2.8152 3.28523 2.37924 2.16951 2.65471 2.5105 4.0782 2.22415
0.09441 0.08376 0.30023 0.22394 0.2465 0.24767 0.29178 0.82487 1.07912 1.26984 1.14518 1.35335 1.76916 2.14218 2.03623 1.47222 1.85073 1.32639 1.44608 2.11852 1.32969 1.68413 2.01204 1.88089 1.42481 1.46391 1.73354 1.45403 1.28619 1.25122 0.85736 0.82889 0.72356 1.03662 1.25122 1.35401 1.18992 1.12411 1.12974 1.18006 1.36682 0.8066 0.86299 1.12682 0.6447 0.62491 0.68544 0.58497 0.68564 0.9654 0.83146 0.69461 0.64532 1.04542 0.99262 1.46208 1.67832 1.85131 1.9595 2.89316 2.45209 3.26408 2.77213 2.52312 2.93112 3.61633 2.06283
0.10783 0.09959 0.18165 0.14192 0.27484 0.20084 0.39843 0.95118 1.17493 1.86845 1.79779 1.54076 1.90785 2.23443 1.66507 1.34075 1.15714 2.30991 1.84546 1.55038 1.22768 1.54157 1.9026 1.68207 1.75562 1.45001 1.90394 1.47391 1.15389 0.9541 1.05213 0.9316 0.92509 1.19569 1.09686 0.72647 1.08173 1.28898 1.00148 1.14812 1.13676 1.39005 1.2701 0.74561 0.9936 0.60802 0.68961 0.49254 0.6176 0.60407 0.96527 0.8261 0.73747 1.0031 1.28001 1.4033 1.44936 1.70411 2.05857 2.51036 2.17582 3.27417 2.26131 2.90812 2.77627 2.8792 2.70597
0.05803 0.12246 0.21962 0.15234 0.50689 0.23282 0.52241 1.32473 1.24993 1.45023 2.02379 2.31878 2.31672 2.03479 2.26806 1.87642 0.98833 2.02312 2.01112 1.64467 1.18819 2.05809 1.61903 1.85757 1.87785 1.79194 1.69018 1.4458 1.20516 0.95113 1.00164 0.97832 0.95413 1.09151 1.08912 1.10703 1.09568 1.33761 1.12905 1.18584 1.16518 1.40022 1.26479 0.8957 0.8525 0.90989 0.58153 0.71044 0.60633 0.62728 0.7749 1.02195 0.83684 0.84939 1.12229 1.6753 1.28232 1.85945 1.70937 2.4807 2.20986 2.44601 2.17637 2.62139 2.64867 2.50744 2.09252
0.02497 0.10773 0.20813 0.14993 0.39523 0.30071 0.76769 0.81505 1.25559 1.71227 2.24233 2.21889 2.30829 2.89148 2.61832 2.54063 2.31984 1.75484 1.92158 1.36376 1.7185 2.18886 2.03354 1.63525 1.32545 1.5238 1.41507 1.47644 0.96236 1.0896 0.899 0.96229 0.99873 0.8298 0.89354 1.04803 1.27419 0.88737 1.18994 1.08663 1.08607 1.27073 0.98655 0.83296 0.88689 1.09409 0.72439 0.53445 0.66983 0.53849 0.68758 0.80007 0.76896 0.68326 1.29879 1.54884 1.44269 1.48167 2.18739 1.8048 2.5876 1.8322 2.10513 2.20491 2.38675 2.37073 2.03906
0.11447 0.08646 0.24212 0.12992 0.16333 0.38984 0.98104 0.92347 1.41708 1.95895 2.64454 2.47335 3.39508 2.91971 2.22911 2.36324 2.63183 2.2957 1.52574 1.75511 1.90097 2.1401 2.38007 1.8688 1.39761 1.78166 1.25061 1.17545 1.1694 0.92768 1.06661 0.91198 1.0724 0.91817 0.72794 0.71311 0.87399 0.81358 1.14382 1.10817 1.21232 0.91277 0.86138 0.91388 0.72839 0.79727 0.60409 0.7306 0.64304 0.57172 0.66837 0.60216 0.60064 0.67241 1.00838 1.30547 1.7279 1.65945 1.61461 1.98018 2.18314 1.79926 2.20673 2.26472 2.60805 2.70954 2.16103
0.10811 0.07955 0.08807 0.12178 0.19083 0.2843 0.46539 1.01107 1.20646 1.86631 2.20366 2.12094 2.19917 2.48889 2.27711 2.22014 2.27909 1.74641 1.67206 1.90992 1.58705 2.19725 1.31819 1.40461 1.55667 1.2517 1.33309 1.14691 0.99344 0.81016 1.25335 0.96479 0.82431 1.04089 0.89289 0.71408 0.9442 0.95935 0.99698 1.21065 1.22561 1.17871 0.93014 0.92041 0.98492 0.72948 0.64225 0.62054 0.79324 0.54873 0.64794 0.52811 0.72501 0.97139 1.09934 1.31902 1.45398 1.44431 1.95959 1.82171 2.09589 1.43727 1.8947 2.03132 2.55062 2.72769 2.28262
0.10071 0.02717 0.04563 0.10815 0.19732 0.29283 0.65468 0.79214 1.14157 1.60064 2.04723 2.11839 1.96477 1.60593 1.65886 1.84491 1.47969 1.20075 1.46087 1.62016 1.69163 1.8898 1.82909 1.59477 1.52189 1.63234 1.29033 1.62987 1.30441 0.87592 1.0529 1.09601 0.82234 1.21397 0.81718 0.82352 0.84157 0.84527 1.04799 0.71278 1.07526 1.01946 0.86303 0.85822 0.96923 0.66006 0.66452 0.56796 0.59412 0.58874 0.73123 0.35377 0.57213 1.01201 1.12625 1.00005 1.39572 1.35386 1.78528 1.73127 1.06764 1.91538 1.71649 2.18691 1.97425 2.72475 1.93591
0.10697 0.05242 0.07184 0.15333 0.24948 0.28698 0.31685 0.71913 1.22452 1.22035 2.21188 2.32173 2.03915 2.05764 2.19981 2.05733 1.94323 1.87002 1.65659 1.9196 1.80764 1.63781 2.01835 1.88611 1.56298 1.62866 1.34602 1.25199 1.00611 1.01255 1.33358 1.20465 1.05304 1.10364 0.84542 0.92817 0.87613 1.13243 1.0531 1.13158 0.58317 1.1956 1.1408 0.98372 0.87492 0.66456 0.63921 0.61757 0.58449 0.67985 0.57017 0.53128 0.62677 0.98521 0.9177 0.85697 1.1029 1.58851 1.39412 1.42565 1.48273 1.64146 1.22905 1.48515 1.84059 1.76717 1.81262
0.10007 0.12306 0.04486 0.18499 0.1497 0.20009 0.39564 0.8469 0.92947 1.36029 2.32117 2.48841 2.21547 1.95363 2.25798 2.1198 2.08049 1.96755 2.1533 2.02795 1.76761 1.78613 1.81441 1.64117 1.7081 1.16851 1.44954 1.46696 1.48938 0.93547 0.80266 0.47107 0.85577 0.8994 0.93136 0.95841 0.93139 1.0227 0.9448 0.83338 0.88501 0.72517 0.50179 0.56774 0.77527 0.68482 0.53107 0.699 0.48664 0.46217 0.4676 0.53023 0.77489 0.74089 0.80896 1.05675 0.86853 1.5273 1.58797 1.37785 2.07579 2.32422 1.51001 1.52266 1.61648 2.00975 2.16881
0.1221 0.04938 0.06347 0.11068 0.12497 0.16672 0.33314 0.8076 0.97604 1.2276 2.29773 2.52607 2.57172 1.92757 2.3689 2.55532 2.09701 2.00205 1.8985 1.89851 1.65494 1.65603 1.75947 1.5856 1.65549 1.29822 1.14426 1.7449 1.53377 1.49205 1.28906 1.0464 0.75063 0.78599 0.91544 0.87284 0.9351 0.93732 0.60793 0.83618 0.61507 0.57 0.60014 0.38975 0.6857 0.85746 0.45165 0.4948 0.889 0.4524 0.35756 0.61306 1.17784 1.05373 0.86583 1.40244 1.41753 1.06565 1.65196 1.87161 2.41295 2.20889 1.63615 1.89253 1.59523 1.78298 2.32272
0.04529 0.06454 0.13326 0.11794 0.11206 0.19034 0.45002 0.29608 1.00501 1.15455 2.44538 2.29767 2.39571 2.35542 2.0775 2.30756 3.29553 1.92146 1.69567 3.37462 1.60074 2.20642 2.33632 2.40706 1.90355 1.54365 1.66797 1.62188 1.59255 1.30026 1.11127 0.82923 0.93035 0.86468 1.07968 0.71863 0.89632 0.69681 0.53626 0.81512 0.73462 0.88854 0.52537 0.69486 0.66227 0.32042 0.50131 0.56433 0.48048 0.62899 0.69786 0.83331 0.92708 1.03456 1.16021 0.85886 1.30216 1.48542 2.05879 1.51762 1.85764 2.17144 1.64792 1.90022 1.65174 2.41889 2.18365
0.03876 0.1105 0.10362 0.17216 0.11029 0.2119 0.1709 0.20368 0.97747 1.24571 1.35684 2.2046 2.24085 2.33791 2.52735 2.75215 2.67914 3.46114 3.81648 3.6698 2.66389 2.44881 2.10791 2.55966 2.24148 1.41696 1.80252 1.69374 1.43001 1.11368 1.46616 1.11798 1.20773 0.96979 0.88279 0.9338 0.62357 0.62665 0.6115 0.85609 0.50301 0.53785 0.68743 0.41116 0.31726 0.523 0.51283 0.41809 0.62804 0.71589 0.64655 0.77322 1.10776 1.06787 1.29879 1.0705 1.32 1.59047 1.77366 1.82237 1.7752 2.10817 1.76165 1.91829 2.01089 2.08852 2.28342
0.12845 0.07381 0.09655 0.20366 0.13146 0.15952 0.15564 0.21635 1.24248 1.33878 1.4346 2.38242 2.41863 2.17358 2.35074 4.72158 3.0397 3.39768 4.76067 4.04457 3.4139 2.79813 2.02272 2.30319 2.1762 1.58627 1.80167 1.22909 1.57516 1.26233 1.28954 1.09766 1.12161 0.82407 0.83613 0.74428 0.76936 0.61291 0.53633 0.65151 0.70903 0.41231 0.57888 0.36598 0.63166 0.5661 0.58844 0 0.5639 0.74031 0.71062 0.8034 1.06097 1.36552 1.29222 1.62901 1.22142 1.49534 1.45304 1.38688 1.14867 1.6429 1.93088 1.84521 2.09257 2.29325 1.86896
0.05254 0.05037 0.16819 0.11454 0.12061 0.15621 0.22624 0.22402 1.12497 1.18204 1.68635 1.78527 1.74451 2.55635 2.63176 3.03382 2.81948 4.56362 4.75306 5.05913 3.39985 2.79945 2.07984 2.29805 2.36426 1.69374 1.98592 1.90035 1.67021 1.35137 1.24125 1.21334 1.08533 0.97803 0.83246 0.64811 0.76404 0.70038 0.74393 0.67841 0.45131 0.51457 0.55492 0.48971 0.57229 0.41003 0.6035 0 0.37932 0.72244 0.74664 1.08083 1.08247 1.13839 1.12862 1.18692 1.40708 1.38875 1.30222 1.3661 1.59519 2.06178 1.54571 1.97332 2.50492 2.06552 2.37275
0.06163 0.06028 0.05231 0.14974 0.11575 0.18587 0.28364 0.46122 0.97925 0.82898 1.73611 1.53905 1.81342 2.0568 2.45142 3.00648 3.10529 4.26096 4.35747 3.52908 3.60507 2.52061 2.21449 2.7843 2.50276 2.04775 2.09777 1.80785 1.64062 1.51413 1.2704 1.51921 0.99646 1.11883 0.85682 0.65192 0.56611 0.41613 0.57785 0.40386 0.42485 0.50336 0.46986 0.59527 0.35255 0 0.5599 0.33441 0 0.62346 1.00843 0.84798 1.18158 1.24079 1.13613 1.35974 1.33032 1.56435 1.39842 1.31415 1.78696 2.1095 1.80674 1.71311 2.20367 2.3373 1.67075
0.06185 0.04359 0.06428 0.24909 0.08917 0.17399 0.17458 0.13605 0.20315 0.92823 1.13938 2.1057 2.11401 2.44369 2.26533 2.86107 3.22417 4.2642 3.42714 3.62783 2.83148 2.88171 2.43191 2.79516 2.49956 1.99965 2.23195 1.90305 1.67891 1.24713 1.27842 1.25099 0.99321 0.85757 0.7924 0.60812 0.37812 0.56008 0.48918 0.50509 0.50851 0.49381 0.52332 0.41887 0.39258 0 0.63116 0.31979 0.5796 0.69842 1.16234 0.89145 1.06829 1.10849 1.28229 1.51931 1.53931 1.39286 1.39331 1.73301 2.13736 1.90421 1.52476 1.83224 2.21093 2.13884 1.8627
0.3439 0.09543 0.09133 0.06965 0.10863 0.14073 0.2237 0.20875 0.25707 0.1714 1.44919 1.84802 2.02019 2.36124 1.97998 3.06356 3.36753 3.97707 3.73381 2.86321 3.538 3.132 2.69262 2.73982 2.46194 2.13229 2.73192 2.02685 1.78816 1.69278 1.30674 1.13502 0.56852 0.76386 0.59972 0.45685 0.54866 0.69137 0.55959 0.53126 0.4605 0.28876 0.59131 0.63468 0.55125 0.531 0.76418 0.58838 0.5011 0.64 0.95212 0.82843 1.29901 1.13396 1.10107 1.38018 1.66468 1.60243 1.6613 1.69042 1.8166 2.13872 1.77343 1.7226 1.41552 1.5432 1.82245
0.05149 0.07668 0.11045 0.07956 0.13087 0.14453 0.16181 0.25887 0.16344 0.51614 0.20328 1.7543 1.98166 2.67151 2.74898 2.80636 3.24476 3.29018 3.20452 3.6109 3.99693 3.49529 2.71532 2.83571 2.41678 2.01734 2.05596 1.86622 1.74638 1.56531 1.45385 1.29735 1.24052 0.77883 0.77461 0.56316 0.54787 0.50724 0.59574 0.56511 0.21229 0.63884 0.70353 0.67735 0.58998 0.55402 0.72966 0.74326 0.57297 0.68774 0.87252 1.06731 1.35088 1.39209 1.21451 1.54539 1.64887 2.1384 2.09226 1.61651 1.74943 2.28121 1.73096 1.48086 1.66477 1.61915 2.64809
0.02144 0.07993 0.06089 0.06088 0.03667 0.12222 0.134 0.21449 0.27222 0.22777 0.27194 2.26689 2.19579 2.17619 2.67987 2.46341 2.84879 3.59352 3.74326 2.76517 3.49621 3.61258 3.10253 3.19337 2.38252 2.18573 2.09439 2.04871 1.61395 1.38725 1.84429 1.4892 1.05569 0.93839 0.85747 0.34659 0.63425 0.65686 0.6949 0.60379 0.33 0 0.31515 0 0 0 0.58579 0.561 0.40172 0.56846 0.73314 1.03902 1.19203 1.37429 1.17745 1.37555 1.63286 1.93556 1.39554 1.68961 1.58345 1.60889 1.64164 1.85882 1.31861 1.7573 1.37714
0.03303 0.051 0.02502 0.15968 0.08888 0.20532 0.21006 0.27137 0.19141 0.17442 0.54048 2.00039 2.24455 1.99802 2.26073 3.00154 2.80326 4.04004 4.64898 4.47892 3.36818 3.35377 2.73202 2.84634 2.67724 2.0843 2.26177 1.86401 1.77998 1.77679 1.60444 1.31002 1.21497 0.90156 0.85029 0.51154 0.62361 0.5816 0.68741 0.39296 0.40497 0 0.55664 0 0 0 0.44578 0 0 0.52562 0.73982 1.12048 1.18025 1.30245 1.18735 1.34757 1.40622 1.3723 1.75201 1.24192 2.32331 1.41381 1.59923 1.24558 1.38015 1.46811 1.35347
0.04397 0.05459 0.10547 0.04499 0.10588 0.156 0.18873 0.17758 0.26835 0.38593 0.41188 1.24599 2.00965 1.98561 3.0318 2.53132 2.05616 3.50013 4.3124 5.71845 3.64694 2.64915 3.15504 3.03154 2.81856 2.30335 2.32702 2.084 1.67475 1.54981 1.74977 1.37447 1.27215 0.89025 0.60701 0.68202 0.59515 0.69238 0.601 0.49768 0.38152 0 0.71631 0 0 0 0.32474 0 0 0.43913 0.84165 1.00142 1.1412 1.13174 1.26756 1.30394 1.35719 1.1588 1.48014 1.34031 1.28836 1.27852 1.29687 1.61357 1.64633 1.85638 1.50208
0.05933 0.02278 0.10109 0.05661 0.09798 0.29246 0.18946 0.29119 0.24871 0.37935 0.48843 1.24679 2.03297 2.82694 2.3705 2.59463 2.32841 2.18692 4.39859 5.27405 3.01729 3.41861 2.65541 3.10477 2.81203 1.87435 1.71089 2.08829 1.68106 1.87166 1.28898 1.33256 1.00436 0.75406 0.71119 0.749 0.56624 0.44631 0.53787 0.60977 0.37529 0 0.74768 0 0 0 0.50892 0.72409 0.81065 0.95542 0.7668 0.79534 0.67261 0.92865 1.06878 0.9961 1.28024 1.50449 1.49003 0.95133 1.22718 1.45053 1.5627 1.61193 1.53216 1.38606 1.81295
0.08212 0.08626 0.04625 0.10574 0.099 0.24372 0.20308 0.17632 0.20966 0.51138 0.51593 1.477 1.76414 1.97821 2.14878 2.25613 2.06317 2.83982 3.80357 3.57263 3.55075 2.45895 2.93009 2.92772 3.03312 2.13036 2.34504 1.96005 1.30768 1.42231 1.48972 1.40514 0.86922 0.69431 0.80915 0.65019 0.47969 0.50645 0.52893 0.39722 0.62057 0.7519 0.80817 0 0 0 0 0.79536 0.68337 0.76631 0.72843 0 0 0.58719 0.79816 0.92437 1.02953 1.03012 1.1919 1.29435 1.64424 1.53343 1.80862 1.28049 1.44035 1.53733 1.70491
0.0744 0.06102 0.11278 0.09031 0.10298 0.2015 0.22905 0.26962 0.26389 0.41217 0.69281 1.53805 1.62815 1.83558 1.65986 1.79684 2.85158 4.24654 4.71462 4.07682 3.85928 2.36562 2.91066 2.84451 3.46645 1.80596 2.45381 1.9856 2.10507 1.80694 1.48089 1.26606 0.66087 0.58949 0.77671 0.59036 0.36722 0 0 0.52219 0.66934 0.71758 0.73173 0.45379 0.35631 0.3781 0 0.81766 0.67596 0.73692 0.76314 0.78269 0 0.31474 0.83353 0.72189 0.99706 1.07406 1.09492 1.21223 1.35885 1.11884 1.47878 1.00698 1.32315 1.64666 1.6314
0.03237 0.07385 0.03778 0.043 0.0594 0.17348 0.10061 0.35693 0.30732 0.55893 0.87215 1.67903 2.0079 1.98404 2.50116 2.21563 3.1192 3.98071 4.24646 5.08887 2.78118 2.74968 2.75105 3.0529 3.0126 3.36706 2.51549 2.50455 1.95105 1.80318 1.48151 1.00139 0.75675 0.49172 0.88528 0.74689 0.68807 0.43996 0.53012 0.67936 0.72778 0.8593 0.59138 0 0 0.56594 0.55594 0.70347 0.66058 0.62404 0.81221 0.92408 0.65954 0.6325 0.94249 0.82543 0.82308 0.89636 0.92099 0.90722 1.00938 0.93568 1.05187 1.20445 1.36573 1.45325 1.62368
