Samples/AscendingBridge/Maps/Mean_Sample_NOx_Highway_3m.txt
ncols         142
nrows         154
xllcorner     80350
yllcorner     228950
cellsize      10
NODATA_value  -9999 	 Unit:	µg/m³
[rows 0 to 29 of 154, columns 0 to 66 of 142]
0 0 0 0 0 0 0 0 0 0 0 0 0 0 0 0 0 0 0 0 0 0 0 0 0 0 0 0 0 0 0 0 0 0 0 0 0 0 0 0 0 0 0 0 0 0 0 0 0 0 0 0 0 0 0 0 0 0 0 0 0 0 0 0 0 0 0
0.01938 0.07327 0.12281 0.17258 0.19152 0.20284 0.25704 0.31587 0.25183 0.31579 0.25899 0.25288 0.17161 0.2998 0.17825 0.54331 0.66639 0.687 0.66492 0.57324 0.49632 0.7681 0.61297 0.46742 0.41891 0.58691 0.63971 0.66323 0.63708 0.42966 0.6724 0.85765 0.67305 0.83281 0.73795 0.80369 0.74419 0.57247 0.52214 0.76372 0.67088 0.70508 0.61524 0.53794 0.66155 0.58286 0.59459 0.62611 0.66576 0.70627 0.69835 0.7503 0.81398 0.75391 0.98279 0.83656 0.82594 0.90204 1.04518 0.92394 0.99877 1.06934 1.18595 1.2148 1.38162 1.40586 1.10988
0.01282 0.15052 0.19417 0.22518 0.28602 0.23487 0.31626 0.29548 0.25056 0.42982 0.29536 0.26009 0.38799 0.35032 0.62123 0.62217 0.6239 0.65878 0.70772 0.51784 0.74895 0.65005 0.63253 0.69333 0.52823 0.55617 0.5789 0.72661 0.75418 0.84317 0.68566 0.86374 0.94128 0.78209 0.73776 0.72939 0.75892 0.82936 1.05296 0.85105 0.89936 0.77812 0.71319 0.6983 0.81853 0.66943 0.69566 0.73269 0.82816 0.92376 0.79457 0.76693 1.02911 1.01003 1.07107 1.12548 1.15807 1.07856 1.18289 1.08062 1.17874 1.38282 1.53284 1.6034 1.71668 1.85295 1.47695
0.01458 0.14854 0.31307 0.23155 0.27105 0.28456 0.3102 0.40915 0.37514 0.22979 0.25006 0.36351 0.37709 0.33391 0.45553 0.42244 0.47139 0.81041 0.68331 0.73548 0.60245 0.61193 0.69732 0.45667 0.78422 0.55298 0.6595 0.64649 0.65479 0.73657 0.76553 0.84948 0.85819 0.71442 0.82526 0.70901 0.88206 1.16236 1.18125 0.98782 0.93646 0.85076 0.88858 0.86236 0.70596 0.64106 0.83166 0.87402 0.77124 0.83357 1.15282 1.03252 1.24258 1.30946 1.06848 1.21558 1.23778 1.34751 1.20248 1.31165 1.45656 1.38959 1.45339 1.50855 1.67291 1.56138 1.66631
0.03043 0.12148 0.22135 0.34748 0.3087 0.42615 0.44764 0.46382 0.58285 0.37745 0.41989 0.38049 0.38013 0.39032 0.27638 0.37268 0.41795 0.81839 0.90602 0.75018 0.68168 0.71955 0.94176 0.88361 0.70869 0.71344 0.67918 0.7938 0.80755 0.73008 0.80785 0.8193 0.87669 0.92309 0.69967 0.73323 0.8669 1.15406 1.10805 0.93061 1.1783 0.90092 0.88141 0.87728 0.81203 0.73617 0.72383 0.83544 0.78361 0.78435 0.93532 1.09583 1.2057 1.32958 1.12217 1.23825 1.33074 1.40391 1.33748 1.5105 1.48281 1.44024 1.7193 1.8317 2.19916 1.94673 1.4633
0.02349 0.11839 0.22366 0.24956 0.34798 0.52707 0.57934 0.5507 0.37464 0.37586 0.49016 0.40611 0.27576 0.29663 0.32281 0.37755 0.54549 0.92509 0.84062 0.696 0.9282 0.86419 0.83262 1.03631 1.03023 0.83462 0.78446 0.81442 0.74151 0.75958 0.69765 0.5739 0.76319 0.63367 0.92776 1.13988 1.20875 0.99329 1.32144 0.93079 0.92397 0.88464 0.89685 0.99162 0.94489 0.82156 0.80451 0.94432 0.85828 0.82662 0.87828 0.92995 1.15879 1.45391 1.32528 1.3982 1.41226 1.37699 1.31602 1.47541 1.53342 1.70358 1.64275 1.84506 1.90839 2.23059 1.58705
0.02715 0.18022 0.21468 0.38335 0.41014 0.58204 0.76232 0.64556 0.5462 0.45713 0.42113 0.30756 0.29306 0.30533 0.33177 0.36634 0.56275 0.60471 0.76747 0.84732 0.79137 0.78537 0.6993 0.76333 0.82455 0.81657 0.87578 0.92496 0.64376 0.64416 0.65365 0.59939 0.96846 0.94663 1.03315 1.26795 1.17977 1.35476 1.13556 1.24813 1.17379 0.87995 1.03894 1.07906 0.95303 0.99365 0.82395 0.74203 0.79759 0.94018 0.84671 0.81563 1.18958 1.21683 1.42941 1.24182 1.53615 1.44717 1.44386 1.55963 1.75287 1.77806 1.94409 2.23156 2.12203 2.52004 2.16781
0.02576 0.08026 0.29069 0.2847 0.44687 0.63501 0.99759 0.83551 0.81333 0.76913 0.40013 0.6217 0.37164 0.50724 0.39555 0.43286 0.46871 0.60306 0.81707 0.77244 0.89367 0.878 0.93175 0.76008 0.73032 0.55009 0.66803 0.63483 1.07848 0.46195 0.74422 0.88517 0.98428 1.05873 1.1653 0.81294 0.9474 1.2573 1.20909 1.14139 1.11087 1.07339 0.97112 1.01939 0.98728 0.84723 0.88579 1.00119 0.97489 0.89042 0.90213 1.03481 0.97059 1.09649 1.353 1.23841 1.54574 1.44854 1.56082 1.51169 1.66731 2.00716 1.78039 2.13443 2.42548 1.93912 2.16394
0.04344 0.10671 0.19626 0.23412 0.30168 0.49582 0.76883 0.78105 0.78044 0.70475 0.6522 0.61669 0.51323 0.51963 0.41191 0.43591 0.39727 0.76234 0.76209 0.87548 0.90503 1.07561 0.87597 0.7874 0.90026 1.13711 0.65879 0.64431 1.17547 0.76603 0.85144 1.13412 1.02716 1.19832 1.50262 1.45543 1.18789 1.02169 1.41119 1.14454 1.10659 1.21123 0.9881 1.15031 1.02041 0.96572 0.99142 1.11826 1.06367 1.05618 1.0375 1.14909 1.04603 1.03244 1.06966 1.50732 1.31861 1.58361 1.45732 1.68132 1.70681 1.35039 2.00796 2.32315 2.54201 2.13036 2.07181
0.04114 0.05005 0.12755 0.24368 0.33522 0.49563 0.77176 0.81864 0.79301 0.7192 0.76655 0.6643 0.48496 0.36049 0.54982 0.53543 0.51674 0.73289 0.82321 0.73354 0.92282 0.78972 0.77654 0.7967 0.86779 0.72199 1.00716 0.87571 0.89854 0.81849 1.01114 1.16445 0.85974 0.92072 1.55838 1.11874 1.30678 1.19489 1.39578 1.40914 1.2276 1.21724 1.35396 0.99824 0.84336 1.06979 0.9225 0.90456 0.9694 1.00495 0.93416 0.91302 1.05287 1.05976 1.04059 1.04473 1.40678 1.44695 1.3827 1.6875 1.74944 1.95594 1.92357 2.13629 2.39677 2.1845 2.0769
0.04316 0.07194 0.19397 0.22065 0.1654 0.36775 0.6869 0.92307 0.8525 0.72102 0.78106 0.76017 0.68272 0.51601 0.60166 0.59746 0.50282 0.64618 0.64508 0.8454 0.75908 0.71572 0.80959 0.99238 0.67325 0.99588 0.85272 0.96628 1.12401 1.01229 0.9804 0.94024 0.99671 1.18358 0.96954 1.2624 1.03692 1.40636 1.56723 1.51284 1.38287 1.19041 1.0646 0.93678 0.94617 1.14655 1.09558 0.96239 1.03472 0.99073 1.12102 1.22125 1.25903 1.16711 1.18538 1.07648 1.40254 1.6177 1.73753 1.59098 1.49209 1.69882 2.01703 1.79272 2.38781 2.42548 2.47637
0.07764 0.05399 0.11591 0.16609 0.15675 0.29554 0.41464 0.62971 0.58494 0.51872 0.73232 0.82199 0.83183 0.67089 0.55904 0.73299 0.56937 0.5551 0.79261 0.92498 0.97626 1.15667 0.86832 0.90223 1.04874 0.95961 0.9496 1.04413 1.03655 1.03506 0.81474 1.00797 0.88864 1.08589 1.15313 0.88415 0.73848 0.88831 1.37534 1.43259 1.11092 1.20581 0.93478 0.88307 0.85768 1.10331 1.10125 0.86349 1.01584 1.10552 1.11581 1.14482 1.17206 1.2045 1.29852 1.18379 1.54216 1.49097 1.66294 1.52531 1.70135 2.18396 2.08583 2.31567 2.35029 2.74791 2.14461
0.02484 0.07757 0.1186 0.10848 0.13376 0.16955 0.26639 0.30142 0.46406 0.51525 0.72209 0.96849 0.93915 0.80901 0.4341 0.81276 0.71384 0.61592 0.91335 0.90704 0.89864 0.97283 0.90624 0.92653 1.0598 1.1707 1.27961 0.64473 0.66001 0.86687 0.78932 0.593 0.85102 0.64898 0.99358 0.82224 0.91957 0.90372 1.06545 1.32419 1.2552 1.00264 1.01527 0.76984 0.86649 0.96686 0.95276 0.87175 1.07206 1.02325 1.24292 1.05222 1.25636 1.24169 1.29211 1.37528 1.62644 1.59932 1.79009 1.85182 1.82948 1.87104 1.79154 2.23751 1.93092 2.54625 2.39668
0.06628 0.09081 0.11675 0.12121 0.18453 0.1931 0.36635 0.37991 0.57454 0.53016 0.86963 0.96544 0.94256 0.58478 0.59539 0.80794 0.92172 0.68767 0.88144 0.95904 1.08177 1.22291 0.92496 0.74666 0.91098 1.23325 0.77884 0.96415 0.84304 0.88309 0.92178 0.94198 0.99782 0.72378 0.9507 1.39433 1.16015 1.48571 1.39045 1.11839 1.55366 1.12676 1.02555 1.50311 1.26351 1.06664 0.94134 0.94443 1.26487 1.14035 1.33473 1.28747 1.23737 1.30378 1.28551 1.40299 1.61781 1.70993 1.66097 1.88393 1.72729 1.80029 1.8264 1.86817 2.9901 2.29832 2.49913
0.03274 0.04065 0.10791 0.15436 0.2404 0.22246 0.20855 0.24845 0.5345 0.64463 0.60747 0.66822 0.77764 0.73012 0.58808 0.64576 0.78046 0.90947 0.78836 0.87142 1.06163 0.92397 1.16527 1.03682 1.05488 1.20771 1.11636 1.04086 0.96193 0.74035 0.77024 0.74744 0.93117 1.03716 1.11999 1.19081 0.93116 1.12882 1.25988 1.39117 1.41471 1.10939 1.32908 1.46471 1.21214 1.29089 1.11708 1.10958 1.09898 1.2157 1.16369 1.12473 1.24875 1.36528 1.41117 1.42677 1.66091 1.61943 1.90193 2.11965 1.94374 1.99437 2.20231 2.06133 2.07803 2.90482 1.89216
0.0299 0.03486 0.09462 0.10348 0.10577 0.22403 0.20194 0.27611 0.28941 0.50876 0.40174 0.49047 0.46413 0.56431 0.61973 0.59435 0.73983 0.76399 0.81447 0.76158 0.85289 1.22814 1.09576 1.29176 1.43047 1.26164 0.90387 0.82355 0.93791 1.03249 0.95237 0.9627 1.13124 1.00592 1.32285 1.16276 1.36136 1.44647 1.27165 1.47138 1.15325 1.61248 1.48297 1.83532 1.86342 1.74987 1.83992 1.12941 1.32489 1.15397 1.22424 1.31409 1.4526 1.12097 1.56691 1.65489 1.66847 1.86392 1.82273 1.67921 1.98249 2.20044 1.92825 2.17014 2.52086 2.15626 2.68427
0.11592 0.0537 0.20351 0.1778 0.14055 0.27926 0.36563 0.3065 0.36568 0.41053 0.4247 0.38745 0.46688 0.62916 0.67645 0.71129 0.64649 0.83072 0.69618 1.10323 0.72803 1.27627 1.32817 1.15975 1.14658 1.32281 1.25825 1.39061 1.17771 1.03858 1.00243 1.18865 0.7032 0.92485 0.93377 0.79103 1.01199 1.02774 1.29857 1.44012 1.43228 1.67414 1.96286 1.38637 1.91529 1.73407 1.66643 1.67666 1.74427 1.55484 1.03446 1.26041 1.21628 1.37592 1.2079 1.47287 1.41093 1.96074 1.80972 1.83828 1.934 1.41296 1.88748 1.99514 2.27619 2.37318 2.39583
0.04604 0.04146 0.2099 0.23773 0.33235 0.40281 0.2875 0.5277 0.21424 0.29958 0.44646 0.36727 0.66876 0.63175 0.6543 0.62336 0.59976 0.89556 0.96391 0.98006 1.3765 1.14114 1.31505 1.31514 1.24132 1.3181 1.5556 1.20235 1.22404 1.34388 1.02847 0.86974 0.99195 0.83458 0.73605 0.78904 0.86088 1.02346 1.45098 1.11701 1.75057 1.60847 1.58081 1.48636 2.09934 1.61679 1.33546 1.5828 1.63625 1.70614 1.17881 1.45442 1.4197 1.5055 1.43278 1.33555 1.61239 1.46775 1.75662 1.69212 1.65589 1.80371 1.55541 1.35889 1.78533 2.09302 2.29339
0.03362 0.06696 0.25373 0.29665 0.27955 0.3446 0.31017 0.33969 0.29713 0.3906 0.26587 0.44619 0.61648 0.61977 0.51083 0.54028 0.90282 0.94219 0.93608 1.07572 0.83497 1.29188 1.62309 1.37874 1.38985 1.47637 0.97148 0.87523 0.826 0.79848 0.73081 0.98794 0.83215 0.90119 1.17696 1.17515 0.89232 1.28548 1.13516 1.11015 1.34759 1.384 1.25792 0.89194 1.59585 1.78572 1.70568 1.66212 1.86379 1.56425 1.32764 1.23495 1.25525 1.28836 1.46487 1.47118 1.64655 1.78899 2.04121 1.24604 1.82338 1.84089 2.54308 2.40646 2.7488 2.29145 2.11063
0.01491 0.04065 0.18534 0.35937 0.24647 0.28125 0.32271 0.45545 0.323 0.40302 0.3324 0.49102 0.33948 0.49089 0.50585 1.00729 0.89139 0.94974 0.85811 1.30969 1.24548 1.01445 1.6268 1.22798 1.49836 1.53163 1.4276 0.74593 0.67563 0.74443 0.60166 1.17662 1.09433 0.50479 1.10836 0.67221 1.00762 1.01313 0.84812 1.17299 1.2856 1.26191 1.18203 0.90844 1.2031 1.62002 1.60723 1.38825 1.68216 1.79331 1.39229 1.29435 1.16882 1.2071 1.29484 1.57221 1.60206 1.48324 2.26846 2.0133 2.08929 2.28767 2.48213 2.61895 2.81744 2.90862 3.20729
0.06106 0.05545 0.27639 0.3116 0.41142 0.43022 0.49425 0.44442 0.45583 0.4499 0.37169 0.44415 0.57022 0.56858 1.29659 1.08573 1.02687 0.94021 1.0754 1.0339 1.79791 1.23111 1.27188 1.61092 1.57763 1.71384 1.51232 1.42673 1.06843 1.15273 1.03447 0.94517 1.09888 1.14757 1.25181 1.12997 0.87766 0.86881 1.28689 0.96877 1.06873 1.07895 1.14948 1.12283 1.57602 0.9306 1.73317 1.43884 1.40794 1.7312 1.25472 1.18652 1.38054 1.31279 1.17083 1.55024 1.59421 1.90005 2.12653 2.00845 2.35363 2.78593 2.78576 2.96662 2.66629 3.17193 2.59481
0.12658 0.12705 0.38071 0.51033 0.5093 0.48346 0.42855 0.5448 0.55814 0.50982 0.45383 0.46605 0.59522 0.59383 1.01934 1.06944 0.95906 1.08783 1.09186 1.43135 1.40789 1.25396 0.98998 1.29636 0.88963 1.6624 1.52932 1.28948 1.31895 1.28184 1.14508 1.07952 1.08155 1.10245 1.39251 0.8551 0.99401 1.11353 1.42103 1.41897 1.27259 0.95911 1.07366 1.26875 1.29546 1.29105 1.46343 1.40228 1.58396 1.56768 1.38653 1.41292 1.47332 1.42776 1.84098 1.95624 1.83672 2.08887 2.1118 2.43936 2.73626 2.56922 2.8903 2.87642 3.2524 2.99075 3.33442
0.05987 0.13556 0.4562 0.61439 0.62115 0.62159 0.54935 0.52815 0.41402 0.48091 0.66156 0.55405 0.52477 0.59334 1.30519 1.32204 1.12162 1.20973 1.24247 1.39354 1.56387 1.24015 1.62991 1.10788 1.26717 1.0748 1.27788 1.8368 0.8654 1.02698 0.86573 0.82226 1.01964 1.11114 0.6637 0.89889 1.13486 1.2746 1.13925 1.18617 1.03405 1.0865 1.0874 1.07497 1.30249 1.4215 1.45032 1.40174 1.27741 1.38624 1.24932 1.37432 1.38229 1.66588 1.85507 1.96101 1.80909 2.38007 2.39777 2.57323 2.67193 2.59559 2.90831 2.87679 3.58156 3.47336 2.89821
0.03118 0.13669 0.37153 0.46424 0.70577 0.75555 0.70021 0.53237 0.55574 0.79434 0.55917 0.69078 0.61912 1.28867 1.03024 1.16429 1.27571 1.31503 1.1692 1.52925 1.65312 1.7451 1.17715 1.46785 1.27514 1.07153 0.92967 1.37446 1.69232 1.41137 1.19814 1.1808 1.29183 1.04745 1.04384 0.8027 1.0652 1.01349 0.82081 0.94316 0.89632 0.97593 1.04969 0.92169 1.13274 1.38378 1.2161 1.5009 1.27848 1.24041 1.3874 1.58246 1.83132 1.82773 1.95916 1.93256 1.97378 2.53057 2.70891 2.43791 2.52123 2.9158 2.91989 3.04774 3.41786 3.37459 3.45498
0.13199 0.27639 0.30213 0.43281 0.40833 0.82441 0.70644 0.56858 0.46502 0.85585 0.56699 0.75423 0.70625 1.33514 1.19878 1.14152 1.39245 1.38995 1.31971 1.18278 1.66316 1.63047 1.28301 1.18314 1.41194 1.27231 1.17993 1.43302 1.38398 1.06297 1.32937 1.17131 1.1407 0.742 1.30496 0.93891 1.01697 1.08405 1.08376 0.94524 1.02285 0.78527 0.9572 0.87875 0.89168 1.17748 1.26554 1.32414 1.22814 1.76319 1.87574 1.91709 1.95948 2.10137 1.94885 2.22906 1.9588 2.53931 2.3241 2.35464 2.53413 3.3219 2.60153 2.96825 2.43188 3.41505 3.27059
0.09397 0.31184 0.45839 0.52668 0.65739 0.80962 0.705 0.51332 0.66455 0.54703 0.54639 0.70973 0.79195 1.2775 1.57475 1.37858 1.43205 1.47173 1.51074 1.3714 1.29238 1.50404 1.2592 1.63771 1.39464 1.04139 1.01866 1.10782 1.27065 1.06965 1.21922 1.27284 1.19719 1.2725 1.00179 1.29867 1.14464 1.27762 0.92296 1.35341 1.24239 0.94761 0.85487 0.9428 0.72435 1.04084 1.20047 1.20156 1.69494 1.60318 1.5304 1.99924 1.84608 2.07033 2.1175 2.44754 2.25341 2.3523 2.92853 2.7147 2.52841 2.76702 2.77822 2.4431 2.65069 3.02469 3.02855
0.07813 0.15049 0.1206 0.63474 0.66659 0.82751 1.06986 0.84322 0.6145 0.68101 0.66095 0.58712 1.02933 1.33847 1.6053 1.88172 1.79906 1.18653 1.29403 1.25294 1.20022 1.62959 1.69809 1.56586 1.06146 1.19674 1.13171 1.2786 1.01382 1.19997 1.23122 1.39747 1.48245 1.12523 1.22327 0.88851 1.09852 1.19385 1.21748 0.69336 1.27568 0.89163 0.72764 0.80005 0.85996 1.00399 1.0166 1.30846 1.48589 1.71041 1.47479 1.44663 2.19137 2.33766 2.54005 2.67317 2.32823 2.77743 2.81157 2.81744 2.64405 2.41891 2.06483 2.5154 2.74912 2.47012 3.23676
0.11966 0.09372 0.09431 0.37914 0.29904 0.54547 0.55374 0.75133 0.65443 0.66029 0.56032 0.65825 1.09502 1.23888 1.36736 1.07237 1.53838 1.35128 1.30711 1.28395 1.54272 1.2881 1.29831 1.48226 0.958 1.26776 1.28109 1.13515 1.15822 1.07555 1.16195 1.37296 1.71407 1.37327 1.25996 0.72025 0.94849 1.31426 1.03 1.03169 1.14525 1.00399 0.88274 0.80219 1.03879 0.89556 1.25362 1.19945 1.31307 1.17406 1.311 1.70856 2.00569 2.30181 2.35705 2.35761 2.39777 2.42212 3.08756 2.84679 2.77313 2.85228 2.72429 3.09717 2.94597 2.76365 2.36649
0.12341 0.09824 0.11118 0.07704 0.38164 0.45523 0.56149 0.87082 0.66717 0.55554 0.54479 1.26866 1.17583 1.23247 1.10792 1.64062 1.02426 1.90983 1.11802 1.34099 1.20415 1.3046 1.1915 1.44346 1.76502 1.30186 1.15052 1.10816 1.27673 1.55487 1.64068 1.05103 1.25307 1.29934 1.33453 1.10932 1.13463 1.0196 0.9744 1.08955 0.98664 1.03719 0.81799 0.82457 1.00069 0.84615 0.82331 1.30859 1.07693 1.48823 1.26703 1.6777 2.0754 2.1575 2.32882 2.33902 3.01604 2.72975 2.83165 2.94708 2.86552 2.60829 2.5687 2.88954 2.90822 2.85825 2.73557
0.09894 0.21896 0.20586 0.12034 0.36017 0.3625 0.45517 0.68294 0.72967 0.52474 0.98183 1.09227 1.11781 1.27803 1.44691 1.50044 2.03991 1.79214 1.94532 1.61917 1.26222 1.3686 1.49263 1.14333 1.27269 1.45618 0.94069 1.20038 1.62161 1.07723 1.27182 1.30835 1.36117 1.43404 1.17838 1.09119 1.10431 1.16216 0.86477 0.90375 1.10183 0.81138 0.86692 0.97195 1.06005 1.17816 0.98988 1.16735 1.05968 1.52495 1.35275 1.7854 2.06748 2.36112 2.53426 2.8187 3.08215 3.03279 3.20547 3.2238 3.46222 3.37139 2.98855 2.93405 2.96306 3.05674 2.47806
