Samples/AscendingBridge/Maps/Mean_Sample_NOx_Highway_3m.txt
ncols         142
nrows         154
xllcorner     80350
yllcorner     228950
cellsize      10
NODATA_value  -9999 	 Unit:	µg/m³
[rows 120 to 149 of 154, columns 67 to 133 of 142]
2.41062 1.58413 0.9442 0.58615 0.7422 0.42911 0.48518 0.43805 0.21153 0.25739 0.40234 0.253 0.13328 0.20283 0.32214 0.41409 0.16268 0.33171 0.25456 0.3306 0.68417 0.36097 0.47588 0.54811 0.70012 0.70126 0.54509 1.04688 1.05828 0.81311 1.18708 1.08506 1.24273 1.35812 1.14156 0.85119 0.84169 0.55788 0.70646 0.64298 0.45865 0.42712 0.40462 0.40756 0.42781 0.40216 0.35616 0.24965 0.2588 0.31244 0.22515 0.32507 0.29886 0.25776 0.21724 0.26206 0.29955 0.10431 0.15154 0.1909 0.15405 0.00836 0.01308 0.03574 0.01317 0.00339 0.0237
1.80351 0.97367 0.64186 0.68354 0.64691 0.25326 0.44454 0.54761 0.33581 0.49455 0.30443 0.30795 0.19675 0.15774 0.22408 0.21264 0.23618 0.27619 0.31313 0.33195 0.36131 0.48914 0.62831 0.55065 0.62717 0.67157 0.8996 0.74697 0.72479 0.70181 0.95525 0.84083 1.37629 1.18429 0.90214 1.00128 1.0411 0.60193 0.8988 0.6397 0.6752 0.29313 0.30883 0.42083 0.50132 0.47127 0.3801 0.14168 0.20411 0.2397 0.22117 0.25239 0.37167 0.30398 0.24179 0.22695 0.27489 0.17992 0.11586 0.14936 0.1658 0.08109 0.12563 0.05422 0.04371 0.00741 0.02775
1.1333 0.65701 0.59412 0.61539 0.67034 0.50804 0.56268 0.46547 0.34031 0.14161 0.20098 0.20475 0.23727 0.15997 0.22003 0.15912 0.29161 0.31095 0.53207 0.37879 0.36774 0.34728 0.4465 0.57137 0.70745 0.78083 0.63921 0.72481 0.87414 1.07541 0.75565 0.97759 0.96835 1.22953 1.05425 0.9923 0.96715 0.83288 0.62133 0.67228 0.64026 0.50411 0.34629 0.47299 0.48951 0.41111 0.41498 0.11611 0.39083 0.26715 0.30532 0.32541 0.20424 0.16255 0.17008 0.15877 0.29836 0.34935 0.08127 0.09733 0.10747 0.08829 0.11704 0.07469 0.10403 0.08507 0.04747
0.84091 0.52656 0.69881 0.47006 0.64574 0.5944 0.44721 0.31594 0.20566 0.32418 0.20582 0.27592 0.20396 0.19704 0.30926 0.21606 0.42017 0.44443 0.51575 0.58008 0.38679 0.49592 0.46161 0.48231 0.48503 0.62296 0.62736 0.67103 0.77352 0.99274 0.77591 1.09749 1.088 1.09996 1.14408 0.72883 0.80544 0.85094 0.64352 0.52875 0.6581 0.48026 0.44378 0.44737 0.48741 0.34051 0.42524 0.29183 0.30013 0.29573 0.30116 0.22464 0.20141 0.13126 0.14459 0.15982 0.2924 0.19294 0 0.12109 0.07182 0.11677 0.12276 0.08937 0.04712 0.15795 0.05819
0.69709 0.48204 0.543 0.26535 0.35776 0.39083 0.28851 0.19918 0.2002 0.32399 0.25926 0.3748 0.29939 0.12719 0.18001 0.26409 0.31649 0.33167 0.45524 0.46829 0.57922 0.67846 0.57943 0.56665 0.61465 0.45183 0.87547 0.84079 1.45284 1.28268 1.18555 1.22375 0.74489 1.00318 1.03352 0.84239 0.7652 0.77413 0.67002 0.63606 0.58366 0.46034 0.51416 0.27495 0.43453 0.41361 0.35564 0.32548 0.2017 0.18554 0.20275 0.16969 0.18731 0.14706 0.1945 0.23591 0.28115 0.23683 0 0.11856 0.10788 0.11075 0.10705 0.07561 0.07327 0.16017 0.08577
0.5813 0.45965 0.65815 0.28629 0.43192 0.24859 0.16806 0.23645 0.39975 0.15162 0.25665 0.25442 0.22439 0.31875 0.2567 0.22645 0.37518 0.37249 0.50687 0.46872 0.76918 0.69049 0.57939 0.58165 1.09058 0.63331 0.89241 1.2897 1.31557 1.61659 1.30404 0.63375 0.7305 1.13874 0.60195 0.95955 0.46789 0.9223 0.46712 0.61287 0.68104 0.63086 0.33247 0.38786 0.41665 0.3523 0.36517 0.38282 0.33083 0.33666 0.29091 0.28271 0.24076 0.20727 0.26453 0.17595 0.2177 0.19412 0.14344 0.08165 0.14523 0.09725 0.10051 0.14354 0.07771 0.07942 0.02836
0.54119 0.41631 0.45557 0.3968 0.41529 0.17073 0.09061 0.24653 0.45995 0.33746 0.15731 0.19259 0.26247 0.38237 0.28373 0.41155 0.40863 0.41972 0.61102 0.64168 0.69952 1.03573 1.05697 0.89554 1.11667 1.3411 1.22717 0.82698 1.67733 0.68931 0.91387 0.8224 1.05498 0.93075 0.67115 0.53526 0.77864 0.55032 0.64209 0.3722 0.5254 0.52527 0.35705 0.47894 0.40269 0.30725 0.3549 0.36063 0.23952 0.31458 0.35137 0.3012 0.29011 0.37221 0.20101 0.32357 0.32075 0.22805 0.15965 0.12645 0.13738 0.10914 0.08783 0.07949 0.07266 0.04731 0
0.26284 0.16999 0.12915 0.27187 0.10132 0.15012 0.15664 0.21885 0.33777 0.22095 0.12834 0.30625 0.26193 0.39398 0.37745 0.26321 0.6006 0.73021 0.61121 0.56641 0.76941 0.90585 1.30533 1.03807 0.77234 0.95302 0.94248 0.87804 1.05547 0.69341 0.62846 0.63713 0.53149 0.72185 0.71287 0.62267 0.48122 0.76482 0.6457 0.81913 0.48669 0.58063 0.47377 0.57939 0.64555 0.5497 0.48156 0.36532 0.42489 0.47368 0.32529 0.20267 0.29636 0.30964 0.27667 0.13065 0.28898 0.23591 0.19821 0.19801 0.12778 0.08904 0.10917 0.08545 0.09655 0.05874 0.05083
0.25315 0.27626 0.27009 0.28722 0.19455 0.10416 0.18188 0.22437 0.17484 0.18685 0.28822 0.25651 0.42305 0.35917 0.6237 0.53825 1.11885 1.10949 0.66785 0.867 0.46495 0.9929 0.66168 0.64047 0.94239 0.73912 0.76532 0.47725 0.85891 0.6569 0.55446 0.5717 0.68655 0.60785 0.74305 0.78138 0.91338 0.98115 0.51507 0.38496 0.52065 0.52863 0.53639 0.35607 0.46733 0.4711 0.27149 0.41395 0.30959 0.41438 0.41701 0.35188 0.20228 0.32397 0.18403 0.12563 0.15412 0 0 0.07917 0 0 0 0.03306 0.05605 0.04017 0.0683
0.5985 0.57423 0.50135 0.42483 0.10554 0.26678 0.13076 0.18382 0.27198 0.24788 0.33585 0.21443 0.33625 0.39878 0.37401 0.54609 0.54119 0.77627 0.90852 0.80989 0.71915 0.51372 0.44614 0.38392 0.36805 0.49466 0.41778 0.9162 0.67482 0.5064 0.63686 0.63096 0.62335 0.82668 0.88743 0.9129 0.75817 0.70834 0.71253 0.52593 0.54341 0.56276 0.66068 0.70415 0.42737 0.48512 0.36172 0.30974 0.47346 0.40946 0.34203 0.43586 0.45296 0.22304 0.33831 0.30074 0.10759 0.1757 0 0.18009 0.07358 0 0 0 0.05845 0.12909 0.16509
0.39094 0.58842 0.31678 0.34701 0.40536 0.30762 0.14649 0.27437 0.1673 0.23077 0.2551 0.32863 0.18333 0.23481 0.35462 0.32001 0.32686 0.54883 0.5162 0.39651 0.42039 0.45394 0.43641 0.39559 0.60276 0.50115 0.49682 0.3583 0.348 0.82493 0.49866 0.63724 0.5718 0.69983 0.85072 0.75614 0.7634 0.7523 0.42055 0.70344 0.59452 0.60747 0.39351 0.54283 0.62577 0.55311 0.33549 0.21267 0.37895 0.56482 0.41196 0.36114 0.55745 0.32989 0.18893 0.26917 0.23144 0.20832 0.1739 0.24529 0.14173 0.19296 0.14822 0.17347 0.08145 0.14368 0.17447
0.84086 0.40131 0.40577 0.34751 0.3339 0.27286 0.21989 0.28486 0.33957 0.32652 0.33134 0.27462 0.33256 0.3213 0.16357 0.39731 0.44476 0.44506 0.45446 0.26941 0.39602 0.24775 0.45985 0.43041 0.25924 0.38271 0.50137 0.42657 0.33446 0.89729 0.27458 0.51558 0.73578 0.59459 1.11356 0.57598 0.70882 0.61408 0.63007 0.47542 0.60356 0.84426 0.48444 0.41692 0.46092 0.38725 0.40245 0.46604 0.32635 0.26925 0.35491 0.27248 0.4724 0.26287 0.26226 0.30337 0.22914 0.15408 0.09817 0.15173 0.20872 0.17156 0.13619 0.06843 0.08973 0.16304 0.15062
0.5864 0.36322 0.43542 0.44422 0.20649 0.14134 0.19169 0.09815 0.17065 0.14588 0.22833 0.28296 0.48302 0.16121 0.27122 0.3542 0.2286 0.49105 0.14193 0.16586 0.36024 0.40153 0.19571 0.27644 0.38845 0.35938 0.27753 0.29803 0.33958 0.52125 0.38256 0.44006 0.95232 0.46758 0.4799 0.79479 0.81301 0.68685 0.45079 0.7092 0.60176 0.6569 0.65206 0.62367 0.36804 0.38423 0.36827 0.43323 0.42796 0.34592 0.17437 0.37288 0.27781 0.24091 0.3392 0.15925 0.22386 0.2291 0.11088 0.13379 0.16596 0.08673 0.09185 0.03615 0.05204 0.08772 0.08936
0.65866 0.41843 0.4392 0.40665 0.31018 0.20371 0.09327 0.07051 0.10051 0.17586 0.17897 0.25206 0.30081 0.17981 0.15732 0.31821 0.3173 0.37 0.45682 0.2782 0.17774 0.33364 0.45296 0.21524 0.30165 0.37647 0.4684 0.25394 0.17674 0.49044 0.43458 0.3829 0.42413 0.40633 0.50129 0.65168 0.60398 0.66134 0.58399 0.47718 0.7884 1.01853 0.48053 0.53424 0.65624 0.39161 0.54145 0.45128 0.39183 0.48464 0.3338 0.25104 0.32557 0.32193 0.36024 0.22065 0.16975 0.16988 0.17251 0.21246 0.16398 0.14419 0.18734 0.15836 0.15029 0.15732 0.2462
0.88986 0.79345 0.34578 0.18965 0.21912 0.19226 0.07461 0.15427 0.13439 0.23848 0.19099 0.25667 0.10642 0.24333 0.17203 0.14566 0.2106 0.28146 0.33599 0.30656 0.2073 0.2896 0.15483 0.34634 0.18154 0.30502 0.30322 0.6275 0.25473 0.29164 0.4905 0.40208 0.38582 0.58132 0.43073 0.5796 0.56171 0.84689 0.44648 0.68491 0.51242 0.86073 0.65801 0.64433 0.88679 0.44173 0.33468 0.40445 0.43275 0.45187 0.44202 0.31663 0.12779 0.20849 0.33772 0.18491 0.15362 0.27616 0.22278 0.27934 0.17419 0.10463 0.13609 0.16068 0.19943 0.5345 0.15582
0.55175 0.79364 0.4153 0.30856 0.23223 0.15747 0.14855 0.10677 0.06148 0.13289 0.17161 0.08832 0.19453 0.35073 0.25652 0.26302 0.21816 0.18016 0.22222 0.15315 0.21355 0.08803 0.15304 0.16418 0.20563 0.16105 0.20162 0.23941 0.61608 0.28543 0.32355 0.55473 0.48275 0.31139 0.44563 0.5584 0.67835 0.86686 0.57889 0.65558 0.5532 0.57694 0.45466 0.54379 0.32817 0.68567 0.35777 0.3114 0.4257 0.48269 0.31946 0.40531 0.22529 0.13207 0.3418 0.34311 0.35099 0.15834 0.15591 0.16852 0.09378 0.12972 0.11848 0.34688 0.36295 0.15591 0.13765
0.41352 0.50697 0.31163 0.3771 0.3026 0.18094 0.21587 0.05806 0.13465 0.09421 0.13996 0.11175 0.23974 0.22965 0.2173 0.17879 0.16183 0.10579 0.18266 0.12234 0.13134 0.14649 0.18451 0.19508 0.12519 0.2993 0.23267 0.2339 0.28755 0.18961 0.28827 0.34152 0.43231 0.2448 0.37147 0.42223 0.6882 0.76184 0.56618 0.72305 0.67943 0.42726 0.64458 0.32597 0.55762 0.38631 0.49843 0.4896 0.50374 0.4188 0.37031 0.35374 0.26165 0.34722 0.22643 0.25519 0.27825 0.19894 0.19891 0.15435 0.1912 0.1672 0.28875 0.16814 0.11435 0.19732 0.08496
0.46975 0.77405 0.38109 0.22951 0.1828 0.1634 0.22673 0.10778 0.22193 0.16947 0.16276 0.17305 0.11217 0.16696 0.13203 0.07417 0.20993 0.17569 0.22172 0.19906 0.23525 0.22982 0.16305 0.13219 0.23144 0.22669 0.15676 0.27673 0.24273 0.24429 0.77396 0.26582 0.50585 0.31229 0.35964 0.56834 0.55847 0.51827 0.5591 0.52521 0.4125 0.48113 0.56473 0.39486 0.42616 0.70488 0.54797 0.75782 0.49532 0.32618 0.42765 0.26162 0.33477 0.27028 0.30948 0.13679 0.14953 0.2177 0.15884 0.21275 0.18721 0.16875 0.24316 0.26057 0.16788 0.1545 0.20058
0.84984 0.31457 0.33648 0.4192 0.3476 0.58838 0.20355 0.28888 0.26451 0.17923 0.17493 0.25164 0.11202 0.22229 0.13596 0.21579 0.18024 0.19613 0.15579 0.1514 0.14505 0.13223 0.16263 0.25868 0.23335 0.23114 0.19917 0.18133 0.31413 0.31782 0.10061 0.15212 0.33085 0.51559 0.47189 0.26538 0.48346 0.35684 0.50498 0.6052 0.51481 0.40486 0.55349 0.49811 0.3785 0.53651 0.40701 0.27958 0.42455 0.48856 0.38713 0.46551 0.2725 0.13794 0.29598 0.22539 0.20461 0.15447 0.18873 0.17479 0.14385 0.19679 0.14315 0.16472 0.1744 0.16102 0.23813
0.81202 0.77346 0.43686 0.37226 0.6513 0.22085 0.30704 0.37742 0.26945 0.33674 0.20278 0.18296 0.31528 0.22094 0.12363 0.18804 0.20787 0.22343 0.3142 0.28991 0.20281 0.21215 0.44084 0.16642 0.10011 0.27138 0.10673 0.15168 0.27481 0.29376 0.22605 0.3493 0.26947 0.68467 0.4565 0.23446 0.50045 0.28906 0.51446 0.40528 0.41866 0.49601 0.578 0.44964 0.3742 0.36982 0.59604 0.35426 0.42059 0.28321 0.39742 0.342 0.32846 0.25582 0.15625 0.22536 0.29586 0.26278 0.17315 0.1359 0.09828 0.16079 0.15567 0.21767 0.10327 0.16416 0.18831
1.00429 0.70967 0.51683 0.49706 0.54459 0.54784 0.26111 0.39376 0.39205 0.27417 0.50882 0.35742 0.28998 0.33165 0.3128 0.1755 0.27092 0.17258 0.25535 0.232 0.29117 0.21564 0.18514 0.1592 0.09986 0.07321 0.12661 0.29092 0.12896 0.16629 0.31382 0.35052 0.29336 0.25472 0.49522 0.52405 0.35767 0.39605 0.23764 0.35761 0.33327 0.39751 0.47567 0.51797 0.40788 0.40378 0.37221 0.28452 0.38197 0.49821 0.29649 0.2743 0.34558 0.26886 0.22956 0.16015 0.16506 0.25659 0.10451 0.1697 0.20731 0.18276 0.13135 0.11042 0.1844 0.22121 0.16941
0.84189 0.75933 0.56791 0.66374 0.53486 0.47887 0.29401 0.75179 0.34441 0.29996 0.44509 0.531 0.31587 0.43344 0.35622 0.37383 0.24769 0.31974 0.34191 0.36485 0.50371 0.27917 0.10426 0.17579 0.10438 0.04116 0.06373 0.12823 0.20978 0.17612 0.17763 0.2067 0.11 0.29671 0.39578 0.36467 0.31395 0.19838 0.41282 0.3485 0.30462 0.31906 0.35223 0.64594 0.36972 0.44571 0.2282 0.4276 0.41095 0.31368 0.14065 0.48782 0.23959 0.17265 0.35444 0.22302 0.20378 0.12529 0.19584 0.20125 0.14136 0.13704 0.06317 0.1371 0.14608 0.19003 0.18829
0.87273 0.82158 0.69078 0.54389 0.75964 0.96572 0.57132 0.59446 0.44465 0.55255 0.57507 0.77026 0.49098 0.36933 0.44928 0.49707 0.38286 0.36571 0.41765 0.23709 0.33708 0.29283 0.20202 0.15069 0.07183 0.12674 0.12402 0.12088 0.26691 0.16282 0.42595 0.13148 0.14712 0.23994 0.39457 0.38311 0.37104 0.34194 0.205 0.2997 0.19296 0.40806 0.20934 0.48628 0.37956 0.30738 0.44223 0.38007 0.33707 0.36329 0.2578 0.1995 0.25185 0.3698 0.26252 0.21871 0.3401 0.26174 0.19714 0.31425 0.25871 0.27331 0.12886 0.17295 0.03996 0.08645 0.09997
0.53896 0.9147 0.94181 0.90434 0.41754 0.71325 0.48503 0.62444 0.86732 0.68925 0.58242 0.82488 0.95344 0.65533 0.50536 0.51336 0.25393 0.2788 0.34147 0.24131 0.278 0.36208 0.26134 0.10783 0.18496 0.10891 0.07813 0.05671 0.08465 0.1638 0.27672 0.101 0.17818 0.30242 0.24147 0.33697 0.23417 0.4369 0.39937 0.29134 0.31213 0.27729 0.35119 0.30572 0.28444 0.2971 0.416 0.30003 0.22767 0.40187 0.39832 0.31552 0.32943 0.38541 0.27299 0.33947 0.27193 0.30202 0.28161 0.09469 0.10279 0.21362 0.19091 0.11143 0.16615 0.13444 0.0792
0.39295 0.4958 0.48389 0.57306 0.57144 0.2832 0.61181 1.04633 0.66157 0.88338 0.6429 0.44076 0.94462 0.97952 0.44178 0.48518 0.44517 0.24578 0.30043 0.38011 0.31725 0.20909 0.23959 0.17242 0.20082 0.29307 0.07942 0.12867 0.11298 0.11653 0.23837 0.18625 0.18583 0.20087 0.17006 0.33722 0.50017 0.40009 0.29836 0.22827 0.25639 0.2226 0.28729 0.25482 0.23055 0.19295 0.31177 0.31315 0.28301 0.34086 0.42269 0.22523 0.45123 0.25999 0.30968 0.40642 0.40786 0.22241 0.29974 0.28326 0.23579 0.12906 0.16111 0.18031 0.14687 0.09754 0.08439
0.72721 0.563 0.19871 0.58951 0.48965 0.3201 0.37601 0.69975 1.3111 0.96547 0.47004 0.36286 1.08406 0.94598 1.09288 0.59498 0.29674 0.34169 0.37962 0.2441 0.2133 0.32537 0.22338 0.3179 0.16583 0.14207 0.09191 0.12533 0.22452 0.09251 0.15791 0.21755 0.24681 0.1152 0.18889 0.20865 0.21757 0.37361 0.37565 0.40951 0.43555 0.35594 0.16644 0.19301 0.14031 0.29163 0.29784 0.1479 0.25762 0.21724 0.21668 0.3144 0.23158 0.33552 0.17535 0.35778 0.23175 0.35007 0.26318 0.21771 0.20254 0.25118 0.14656 0.34156 0.21312 0.2548 0.19014
0.6214 0.50679 0.37719 0.29574 0.69624 0.53352 0.53807 0.66478 0.67156 0.78556 0.74763 0.70675 0.74882 1.1952 1.18483 0.47469 0.46797 0.43935 0.35545 0.45547 0.29195 0.29148 0.2796 0.30214 0.13128 0.11348 0.07859 0.05143 0.08856 0.11295 0.07301 0.13222 0.15606 0.08993 0.17637 0.30919 0.27634 0.33772 0.25042 0.14535 0.36365 0.19568 0.22905 0.18802 0.13875 0.31527 0.30776 0.19725 0.29811 0.18816 0.21364 0.22152 0.20098 0.23895 0.28784 0.2812 0.35569 0.17801 0.15958 0.26299 0.1684 0.2105 0.12473 0.16055 0.12542 0.24675 0.15481
0.44482 0.78273 0.64367 0.47537 0.4456 0.55474 0.66309 0.61029 0.65683 1.16563 1.07196 0.5738 0.65783 0.77707 0.51522 0.6949 0.61811 0.4531 0.32975 0.15736 0.395 0.2839 0.25539 0.16699 0.26063 0.13166 0.16966 0.07276 0.16748 0.2039 0.07281 0.08812 0.15225 0.08043 0.16736 0.10552 0.21712 0.25318 0.2162 0.15999 0.18811 0.14272 0.2415 0.34095 0.20919 0.21349 0.19371 0.23433 0.17407 0.22754 0.13303 0.14975 0.24005 0.26178 0.23708 0.28848 0.25274 0.21582 0.26086 0.26442 0.24319 0.15088 0.2146 0.16613 0.19688 0.13361 0.16284
0.53685 0.6375 0.79316 0.27738 0.48846 0.59579 1.33357 0.74423 1.31609 1.37474 0.96478 0.77622 0.17787 0.91792 0.39129 0.45265 0.36978 0.54004 0.27399 0.2209 0.30693 0.34583 0.20553 0.15288 0.21583 0.11961 0.15455 0.0547 0.07123 0.08989 0.0331 0.12776 0.15197 0.1654 0.16959 0.17612 0.22779 0.211 0.3829 0.11945 0.05233 0.12967 0.16672 0.14321 0.1676 0.1962 0.23036 0.18702 0.08372 0.13548 0.12468 0.13903 0.16514 0.27807 0.28887 0.20159 0.17002 0.19467 0.43073 0.27847 0.19406 0.30771 0.13757 0.23802 0.21742 0.18719 0.16847
0.62058 0.7439 0.34138 0.38123 0.52434 0.499 0.76905 0.79469 0.99422 0.78167 0.88012 0.89115 0.71609 0.42401 0.44425 0.28794 0.30469 0.37376 0.33191 0.30264 0.36021 0.24649 0.16503 0.17839 0.19362 0.15334 0.25133 0.16784 0.06937 0.08202 0.03112 0.0502 0.06625 0.08151 0.08348 0.10281 0.1488 0.11804 0.10532 0.11276 0.13383 0.12435 0.14093 0.12941 0.08056 0.04422 0.2828 0.11276 0.07039 0.04072 0.11532 0.12846 0.08446 0.15668 0.17289 0.14144 0.15132 0.13222 0.13587 0.20688 0.20986 0.0779 0.18189 0.13118 0.09977 0.23397 0.23329
