Samples/AscendingBridge/Maps/Mean_Sample_NOx_Highway_3m.txt
ncols         142
nrows         154
xllcorner     80350
yllcorner     228950
cellsize      10
NODATA_value  -9999 	 Unit:	µg/m³
[rows 30 to 59 of 154, columns 67 to 133 of 142]
1.87488 2.46895 2.89053 2.79572 3.25874 3.74612 4.14321 5.07473 4.3483 4.72409 4.54996 4.53448 2.35457 5.90053 4.32729 2.49887 2.8627 1.01789 1.17921 0.4402 0.42076 0.40483 0.40381 0.37121 0.17837 0.21441 0.1974 0.22133 0.20388 0.1987 0.21451 0.18675 0.26244 0.1983 0.1657 0.11549 0.15951 0.22907 0.13649 0.104 0.08338 0.076 0.10209 0.06925 0.08775 0.09513 0.0715 0.05545 0.09389 0.05218 0.05382 0.09389 0.1063 0.03544 0.03874 0.01255 0.02336 0.01873 0.01611 0.0211 0.01727 0.02955 0.04776 0.04585 0.05356 0.0154 0.00062
2.38199 2.19848 2.36223 3.22738 3.52131 3.97022 4.67977 5.057 4.43296 5.60252 4.38343 5.02942 5.2121 6.0262 5.15802 2.82819 2.96887 1.12949 1.03394 0.37571 0.42214 0.39905 0.49643 0.65055 0.16721 0.20095 0.23787 0.23667 0.20787 0.18491 0.22916 0.26069 0.28688 0.30404 0.23719 0.14978 0.16301 0.14924 0.15838 0.10033 0.0821 0.08218 0.0968 0.05995 0.0733 0.11175 0.07942 0.06212 0.06893 0.0565 0.0682 0.02589 0.10839 0.04832 0.06279 0.04 0.02863 0.03082 0.036 0.04579 0.02943 0.02308 0.0435 0.06216 0.04843 0.06959 0.026
3.44165 3.37658 3.50041 3.64914 3.61715 4.45932 5.1004 5.31357 6.24744 6.05289 4.16527 4.52319 4.78055 5.54851 5.5878 2.88696 3.24493 1.09534 0.48019 0.48819 0.43004 0.41209 0.43428 0.57376 0.19375 0.22642 0.22382 0.19371 0.20878 0.20466 0.25833 0.23335 0.33692 0.26866 0.18241 0.10936 0.18056 0.07391 0.14424 0.08451 0.08301 0.06438 0.09706 0.05814 0.0657 0.0705 0.08345 0.05483 0.06811 0.07401 0.05056 0.09737 0.06923 0.0294 0.03302 0.05638 0.05236 0.02658 0.01467 0.03216 0.03336 0.04218 0.02562 0.04617 0.05119 0.0628 0.07097
3.26539 2.98076 3.04772 4.10251 4.32576 5.06226 5.5668 6.40997 6.47761 6.58003 3.82414 3.9323 4.36282 5.22278 6.1221 2.92303 3.5192 1.51988 0.40404 0.41616 0.39962 0.3783 0.40813 0.44625 0.17972 0.20659 0.25489 0.2565 0.17758 0.25185 0.22976 0.29599 0.27668 0.14869 0.13249 0.14555 0.14445 0.07818 0.12295 0.06736 0.08386 0.075 0.06924 0.06022 0.07206 0.0486 0.07212 0.06884 0.06067 0.06532 0.0583 0.13534 0.06172 0.06187 0.02121 0.06291 0.06343 0.03282 0.0245 0.018 0.02492 0.04589 0.02127 0.01981 0.04447 0.04414 0.04849
3.25726 2.70256 4.24772 4.58363 4.15681 4.66592 5.57891 7.39595 6.8814 6.78489 3.90282 3.7014 4.3645 5.18921 5.75392 2.83128 3.28763 1.35574 1.05199 0.4934 0.43498 0.45195 0.44819 0.44458 0.31614 0.21955 0.18262 0.25575 0.25167 0.26682 0.24468 0.29979 0.43921 0.06189 0.06127 0.11124 0.04974 0.08042 0.06313 0.07835 0.08066 0.07081 0.08494 0.0613 0.0811 0.05686 0.05121 0.06469 0.05234 0.08756 0.13214 0.07088 0.09127 0.05674 0.03336 0.04795 0.02404 0.01835 0.02254 0.03423 0.0205 0.04459 0.01801 0.01709 0.01503 0.03659 0.07128
2.53705 2.45371 4.01591 4.04795 4.81276 4.75258 6.60093 8.53456 6.65123 6.88583 3.78892 3.74449 4.07856 5.05159 6.00222 2.70996 3.24062 1.20893 1.22915 0.44889 0.50336 0.48767 0.47285 0.41468 0.41875 0.23197 0.20039 0.23899 0.25639 0.25879 0.29771 0.25796 0.30969 0.06336 0.06476 0.02524 0.05418 0.0628 0.06668 0.07353 0.07258 0.08757 0.08028 0.0685 0.07361 0.06184 0.06643 0.06188 0.04322 0.05965 0.10361 0.05768 0.06247 0.11024 0.02238 0.02475 0.01598 0.03053 0.02436 0.02577 0.01879 0.03041 0.02526 0.02431 0.02093 0.0218 0.05638
2.42475 2.65071 2.71371 4.80101 5.49571 5.75753 6.9966 9.23309 6.78502 6.87007 4.11392 3.46935 3.7776 5.10318 6.29274 2.55363 2.80634 1.3026 1.34336 0.39545 0.44689 0.44491 0.46448 0.50217 0.51399 0.17765 0.18419 0.19551 0.21565 0.28835 0.30924 0.29545 0.0765 0.06703 0.05689 0.04471 0.04988 0.05528 0.07814 0.07629 0.06266 0.06894 0.06853 0.06063 0.07192 0.06298 0.07859 0.07129 0.07472 0.08757 0.07123 0.07493 0.03578 0.05569 0.04906 0.02651 0.01659 0.009 0.02904 0.02196 0.0184 0.01149 0.00746 0.03724 0.03558 0.02658 0.02663
1.97765 2.22642 2.91507 3.54924 4.91079 6.11507 6.57886 8.83742 6.22188 6.36387 5.38358 3.41719 3.64688 4.6751 6.16573 2.77243 2.45737 2.02921 1.25047 0.8795 1.19992 0.39397 0.45586 0.68976 0.67176 0.15539 0.2039 0.20847 0.22954 0.27772 0.32338 0.38531 0.07191 0.06177 0.05539 0.06363 0.04487 0.05302 0.0719 0.0578 0.09207 0.06318 0.10201 0.08372 0.06187 0.03786 0.07125 0.05555 0.05356 0.1009 0.06562 0.07626 0.05962 0.05432 0.0355 0.02728 0.02364 0.01551 0.01498 0.0209 0.02117 0.0118 0.01512 0.02056 0.03945 0.03383 0.02529
1.70688 2.45457 2.59996 3.12249 4.08223 4.52123 6.22949 6.37679 5.69838 5.87414 6.49218 6.90445 7.55922 4.47955 5.27561 2.46009 2.24682 2.40595 0.93112 0.95063 1.20822 0.40043 0.47627 0.48192 0.67866 0.16614 0.15013 0.21098 0.22187 0.244 0.28342 0.3785 0.06278 0.06206 0.06233 0.0678 0.06449 0.05573 0.0469 0.08434 0.09809 0.05758 0.08364 0.07651 0.05038 0.07724 0.08548 0.11395 0.09802 0.06811 0.07583 0.10999 0.09008 0.08911 0.03687 0.01637 0.02185 0.01901 0.01474 0.00952 0.00634 0.02138 0.02746 0.02593 0.02557 0.03773 0.0225
2.09469 2.29966 1.74399 2.56093 2.67118 3.80008 3.58542 8.53819 5.00458 5.70718 6.79714 7.79853 9.26094 7.91287 5.1907 3.99017 2.48932 2.25003 1.69627 1.04357 1.41177 0.42645 0.4758 0.53314 0.57757 0.16332 0.15125 0.18864 0.22938 0.27595 0.29571 0.42411 0.04858 0.09361 0.05747 0.06827 0.07376 0.06407 0.07527 0.09422 0.08395 0.11843 0.08426 0.1155 0.11117 0.07522 0.06021 0.05192 0.06268 0.03632 0.07655 0.06412 0.10993 0.1773 0.06828 0.03951 0.03323 0.03051 0.01651 0.01554 0.01951 0.02139 0.02076 0.01657 0.01494 0.03069 0.03487
2.17137 2.2036 2.48387 3.07023 5.21122 3.84525 12.65968 10.35728 16.04544 12.58128 5.94057 7.48877 10.59261 10.80796 5.13213 5.47556 2.10162 2.21775 2.45881 1.29093 1.54222 0.43072 0.43664 0.50622 0.64802 0.2052 0.17559 0.16785 0.18519 0.2459 0.28089 0.40114 0.07603 0.08809 0.05887 0.06939 0.06234 0.08011 0.08908 0.07837 0.07659 0.09189 0.08826 0.10399 0.09558 0.11013 0.10724 0.07965 0.09679 0.06233 0.05887 0.06046 0.07732 0.10576 0.06378 0.02749 0.02386 0.0185 0.01233 0.0038 0.00623 0.01794 0.03631 0.01913 0.03589 0.03268 0.01156
2.13092 2.48397 3.02403 3.13286 5.05911 4.25221 16.39233 14.43405 23.2297 21.90608 5.08802 8.4923 12.21294 14.40596 5.52492 6.07994 2.04994 2.14412 2.90916 1.16107 1.36633 0.56569 0.40798 0.48503 0.64275 0.40047 0.18413 0.18066 0.19555 0.21587 0.28491 0.40675 0.43747 0.07621 0.059 0.06956 0.0793 0.0613 0.07341 0.08128 0.08024 0.08326 0.09086 0.05715 0 0.05933 0.08088 0.08499 0.10406 0.04371 0.07605 0.068 0.10416 0.10177 0.04859 0.01264 0.03003 0.02752 0.0123 0.00596 0.02709 0.01815 0.01671 0.02346 0.02865 0.03845 0.0165
2.37595 2.69451 3.5576 3.78078 6.00469 4.64063 21.89035 25.56593 22.83387 69.02757 32.86626 11.54379 13.98993 17.84103 5.46453 5.58454 2.33649 2.33856 2.69599 1.0745 1.13336 0.55431 0.57549 0.49488 0.52645 0.54829 0.13697 0.18355 0.19574 0.17102 0.22118 0.32768 0.47752 0.42527 0.07664 0.05217 0.04938 0.06187 0.06654 0.06293 0.08647 0.10957 0.10864 0.08155 0 0.09219 0.06289 0.13135 0.16308 0.09252 0.09799 0.11016 0.09472 0.10925 0.019 0.04719 0.02537 0.02736 0.01833 0.00673 0.0075 0.00883 0.00868 0.00962 0.02263 0.04204 0.04472
2.23254 2.88046 3.42243 4.68211 3.32463 5.45793 30.22821 40.45703 54.41301 58.41906 45.44964 29.19679 21.11947 20.07534 5.99861 5.76744 3.77425 2.51575 2.54706 1.27684 1.04092 0.65392 0.54773 0.46219 0.4852 0.63408 0.16438 0.17947 0.17699 0.19281 0.17839 0.24381 0.34889 0.46391 0.35918 0.04515 0.04809 0.06123 0.06763 0.07986 0.07236 0.08666 0.10049 0.1144 0.08022 0.14858 0.11446 0.09904 0.11943 0.11733 0.093 0.06683 0.05994 0.05804 0.05669 0.05714 0.02407 0.04747 0.02418 0.00853 0.02101 0.00867 0.01353 0.00715 0.01693 0.03845 0.06305
2.13129 3.0367 3.82781 5.03317 4.39005 7.90421 6.3985 47.4323 60.74189 61.49365 45.59928 34.82412 10.19228 23.06497 6.86254 6.20569 5.88851 4.75132 2.45103 2.01368 1.02813 0.97787 0.78448 0.59795 0.49663 0.61065 0.64202 0.17559 0.17426 0.15646 0.20326 0.20883 0.22781 0.3452 0.35863 0.23174 0.05138 0.05081 0.0879 0.09068 0.07438 0.08182 0.1316 0.18301 0.16498 0.12979 0.10097 0.11623 0.10964 0.12967 0.07967 0.12259 0.0881 0.09616 0.03457 0.07154 0.0453 0.02828 0.03079 0.02678 0.01342 0.01242 0.00796 0.01128 0.02716 0.01357 0.04982
2.01223 2.6541 2.99956 3.22394 7.123 4.60349 11.91987 13.88653 15.41042 18.37638 16.70126 15.92086 16.16041 27.45711 17.96316 16.24746 6.01377 5.64097 2.50768 2.93971 1.023 1.09196 0.96395 0.97148 0.60276 0.56276 0.58489 0.21838 0.21846 0.1969 0.14956 0.21616 0.21698 0.25758 0.33078 0.33518 0.21877 0.05884 0.0716 0.07809 0.11997 0.12179 0.0961 0.09027 0.12181 0.14212 0.14735 0.09725 0.11528 0.10988 0.09446 0.0877 0.06177 0.13514 0.08679 0.07233 0.07178 0.03905 0.02693 0.01298 0.03042 0.01274 0.01059 0.0163 0.02381 0.00396 0.02362
2.0514 2.7148 3.37886 4.35423 3.9079 7.6689 5.9756 17.40832 16.36705 18.1 17.15364 5.49678 19.02813 11.82206 18.05605 15.33228 6.28101 5.82724 2.26873 2.37044 0.98607 1.02699 1.05015 0.91803 0.43923 0.55701 0.69171 0.84628 1.03901 0.80825 0.16641 0.19271 0.19266 0.20876 0.24653 0.31755 0.2028 0.07448 0.11738 0.08447 0.36151 0.34795 0.30814 0.33784 0.30521 0.24625 0.27311 0.12483 0.10637 0.08653 0.12108 0.10468 0.10222 0.13115 0.08177 0.07642 0.06829 0.05065 0.04516 0.02554 0.0323 0.02721 0.01114 0.00878 0.02241 0.0126 0.00796
2.2219 2.85721 4.50161 2.88843 5.66192 4.07733 9.15191 9.763 11.62732 11.90347 11.71103 12.01512 8.4129 16.69246 10.98619 17.61207 10.32039 5.88548 2.41366 2.08033 1.27028 1.19872 0.99629 0.93315 0.68721 0.50137 0.48309 0.62315 0.6706 0.84532 0.65011 0.17793 0.21606 0.21546 0.19963 0.23887 0.24428 0.1967 0.26693 0.37708 0.34336 0.21935 0.25527 0.32139 0.22821 0.4431 0.27707 0.15428 0.15616 0.10987 0.14087 0.15446 0.08143 0.04038 0.09134 0.06637 0 0.07973 0.05837 0.01468 0.00711 0.01683 0.00673 0.01858 0.0252 0.01225 0.01145
2.42345 1.76591 2.52841 4.47266 3.19217 6.43865 7.11816 7.98295 8.97088 8.61694 8.7822 6.68174 11.77505 8.03165 15.28483 10.76854 12.74293 8.80573 4.71385 3.61749 2.27092 1.55024 0.97558 0.99035 1.0677 1.0761 1.20639 0.45314 0.5143 0.6763 0.72618 0.74445 0.65985 0.19586 0.17063 0.2111 0.26288 0.21656 0.22743 0.35654 0.28115 0.24921 0.30842 0.32936 0.27183 0.31232 0.43516 0.16197 0.18443 0.15693 0.11214 0.11026 0.12264 0.07684 0.12012 0.13284 0.1277 0.07598 0.04967 0.0246 0.01957 0.01546 0.00742 0.02181 0.01632 0.00803 0.01146
1.88243 2.5392 4.4676 3.74667 4.12804 3.79058 6.10471 6.89822 6.95875 7.38923 6.8519 5.56822 6.24034 10.42498 6.91838 12.97483 8.83547 12.01162 8.53075 4.8197 3.73115 1.89523 1.54166 1.04706 0.99871 1.11466 1.34188 1.00745 0.47666 0.52075 0.62581 0.74461 0.83792 0.56944 0.20772 0.21816 0.19671 0.30525 0.32317 0.30457 0.26955 0.34238 0.30171 0.26734 0.30825 0.30753 0.26402 0.21609 0.21134 0.1923 0.14305 0.09597 0.04457 0.04542 0.11243 0.1107 0.1635 0.11844 0 0.01378 0.01382 0.00533 0.01337 0.02159 0 0 0.00428
3.34244 2.45289 3.48722 3.62774 3.90909 3.92952 3.08631 5.18226 5.20973 4.8237 4.53763 3.47442 5.46153 4.66106 5.36702 7.4285 13.32746 9.27174 7.43407 7.22183 4.40099 3.24523 2.44573 2.44274 2.52297 2.12827 1.40506 1.21971 1.42113 1.09694 0.55076 0.48698 0.70063 0.84875 0.68412 0.67937 0.1959 0.15453 0.22133 0.21363 0.26987 0.27562 0.29206 0.26493 0.22648 0.2403 0.20358 0.11117 0.1995 0.25023 0.20555 0.03714 0.04115 0.04666 0.05094 0.07116 0.18766 0.15757 0 0 0.01278 0.00642 0.01634 0.01077 0.04418 0.03605 0
2.23153 2.56729 2.37877 3.62782 4.67654 1.5339 4.50055 3.91944 4.25962 5.27757 3.44099 3.48527 3.81818 3.14486 4.44311 5.68546 4.81808 6.79606 9.93009 7.39442 7.61574 6.53774 4.22773 4.16252 4.01203 3.05282 2.15288 2.03987 1.36225 1.35905 0.86897 0.4905 0.45595 0.6174 0.59964 0.83907 0.45405 0.24001 0.22066 0.2509 0.29142 0.28402 0.24009 0.33237 0.23327 0.286 0.25755 0.13232 0.17078 0.31658 0.2588 0.04841 0.0235 0.02833 0.05493 0.09286 0.19125 0.24981 0.00662 0.01008 0.00738 0.01125 0.01096 0.00704 0.04775 0.05287 0.03174
2.53204 2.44227 3.08886 3.05047 3.10796 2.82809 3.08107 2.64686 2.41382 2.23849 2.76051 2.68693 2.15204 3.17519 3.827 3.6743 3.83026 4.48307 6.84185 5.35191 7.71237 6.72003 7.49684 8.03868 6.16284 2.8637 2.39513 2.54231 1.65323 1.40349 1.20323 1.10136 0.90508 0.49424 0.57623 0.67039 0.7009 0.66923 0.55922 0.58985 0.23901 0.27211 0.24713 0.28517 0.2943 0.2946 0.36359 0.15774 0.2055 0.20594 0.25591 0.01615 0.03115 0.06526 0.03568 0.09075 0.24798 0.24188 0.00846 0 0 0.01853 0.01103 0.01057 0.02459 0.04976 0.02214
2.56508 2.30646 2.04525 2.54597 2.81636 2.80096 2.12554 2.36006 2.76433 2.68528 2.01234 1.91792 1.99759 2.62629 3.4934 2.88665 3.04184 3.96742 4.85112 4.88012 5.25339 8.30112 6.20596 5.12233 6.70395 4.55773 3.29839 3.09552 2.59768 1.73333 1.07481 1.0619 1.13109 0.71368 0.4735 0.55248 0.65216 0.58111 0.57497 0.43828 0.23298 0.21602 0.36747 0.33104 0.25114 0.33569 0.23398 0.16231 0.18359 0.16019 0.2193 0.03794 0.04194 0.02698 0.04391 0.07811 0.11839 0.09011 0.0203 0.00498 0.01136 0.00561 0.00786 0.01225 0.01518 0.03056 0.01365
2.19226 2.84569 2.25173 1.69121 2.42032 1.89795 2.44493 2.26312 2.26023 1.75535 1.84218 1.50566 2.1585 2.05175 3.10027 2.57191 2.41511 3.05499 5.29818 4.32768 4.45531 5.57534 4.76932 6.97864 4.81594 5.98078 3.96184 4.38869 3.65892 2.96262 2.29685 1.67401 1.31552 1.0913 0.818 0.3749 0.50481 0.57659 0.63624 0.58976 0.38607 0.19554 0.36787 0.33151 0.28587 0.31074 0.30897 0.12007 0.089 0.08503 0.17266 0.13614 0.14637 0.04513 0.04151 0.03079 0.1199 0.10354 0.06536 0.01342 0.00304 0.00231 0.00678 0.00653 0.01511 0 0
1.95335 2.19945 1.98185 1.62284 1.31209 2.23128 1.59203 2.38961 2.07464 1.89002 1.82444 1.53606 1.63954 1.49308 1.75196 2.20595 2.20258 2.89028 3.69131 3.17695 3.52168 4.40174 6.16154 4.85759 6.35371 4.52398 5.62179 4.11814 3.63103 3.68579 2.01568 2.21588 1.23735 1.20113 1.08326 0.66916 0.4931 0.5035 0.62433 0.71118 0.46614 0.18647 0.28552 0.2852 0.2771 0.26295 0.12985 0.10097 0.0906 0.17139 0.15093 0.13768 0.17871 0.14573 0.06339 0.01894 0 0 0.05002 0.03943 0.03558 0.01906 0.04039 0.01144 0.02354 0 0.01697
1.92705 1.67214 1.60634 1.81667 1.84467 1.06408 1.6896 1.83537 1.88998 1.62199 1.47222 1.46739 1.37712 1.56977 1.53189 1.76093 1.85842 1.82382 4.88627 3.4696 2.84141 3.2779 4.28439 6.15478 3.97241 6.37117 4.42815 5.91302 4.06984 3.72599 2.34979 2.18925 1.84664 1.23951 1.07112 1.1609 1.12318 1.20675 1.13306 0.64164 0.67902 0.36882 0.26562 0.22629 0.22285 0.18945 0.08197 0.10466 0.12038 0.15638 0.17486 0.14757 0.18358 0.18843 0.116 0.04574 0.01472 0 0.01058 0.02874 0.04487 0.03963 0.02117 0 0.02108 0.02715 0.02017
1.79087 1.86543 1.44276 1.19536 1.96959 1.53906 1.57529 1.27547 1.88792 1.59045 1.24685 1.43819 1.14529 1.56051 1.45397 1.57326 1.9179 1.65236 1.95174 3.18505 4.17563 2.97492 3.18308 3.80875 5.95498 4.76781 6.24223 4.04326 5.15261 3.53338 4.16637 3.26619 2.94353 1.59647 1.1905 0.98538 1.09785 1.11419 1.08289 0.69309 0.69577 0.40706 0.2287 0.17376 0.18977 0.18473 0.12216 0.09527 0.06611 0.09842 0.13914 0.12414 0.10309 0.13965 0.16579 0.06187 0.02198 0.00925 0.01586 0.01927 0.01139 0.01658 0.02921 0.01587 0.02951 0.02326 0.0153
1.72528 1.5827 1.55532 1.6888 1.43549 1.74337 1.80344 1.68531 1.27863 1.52261 1.03408 1.30872 1.47668 1.28339 1.35186 1.55838 1.61656 1.61336 2.07978 2.11297 2.46609 3.22186 4.99755 3.11762 4.25619 4.82064 6.3893 5.72918 4.17981 4.77937 3.19561 3.03017 2.7146 1.91718 1.79329 1.90284 1.79611 1.73549 1.20456 0.62116 0.60376 0.58801 0.2461 0.16915 0.19645 0.16915 0.18004 0.25934 0.25557 0.30364 0.3285 0.26543 0.18649 0.09108 0.10764 0.12678 0.07324 0.07771 0.10186 0.18238 0.15031 0.19507 0.16399 0.15305 0.11613 0.06803 0.01675
1.75024 1.67256 1.6699 1.35799 1.50242 1.29299 1.54577 1.75494 1.6364 1.14054 1.36374 1.40765 1.35028 1.23109 1.34863 1.18925 1.51177 1.57391 1.99893 2.51211 2.10104 2.61634 3.04788 3.6669 4.40216 5.64504 3.6167 5.7452 5.54503 3.85843 4.37234 2.88205 3.30444 1.99467 2.0327 1.50482 1.39404 1.78059 1.28541 0.4399 0.48446 0.5191 0.26189 0.24138 0.23478 0.27456 0.33297 0.28541 0.16262 0.25972 0.24716 0.23969 0.18371 0.08922 0.1127 0.15089 0.12451 0.0662 0.15009 0.08878 0.15743 0.13861 0.14237 0.09669 0.12443 0.08973 0.05378
