Samples/AscendingBridge/Maps/moisture.txt
ncols         26
nrows         23
xllcorner     77700
yllcorner     226200
cellsize      300
NODATA_value  -9999
0.398 0.356 0.219 0.143 0.036 0.058 0.22 0.125 0.109 0.25 0.075 0.03 0.079 0.128 0.115 0.362 0.4 0.315 0.308 0.175 0.096 0.316 0.323 0.385 0.4 0.4 
0.302 0.276 0.068 0.048 0.033 0.197 0.176 0.284 0.065 0.265 0.117 0.086 0.16 0.248 0.295 0.368 0.352 0.229 0.317 0.383 0.346 0.394 0.4 0.4 0.4 0.4 
0.325 0.219 0.13 0.056 0.104 0.332 0.356 0.338 0.308 0.217 0.148 0.115 0.193 0.382 0.4 0.34 0.185 0.206 0.179 0.148 0.383 0.4 0.4 0.4 0.4 0.4 
0.39 0.187 0.082 0.182 0.201 0.1 0.273 0.388 0.4 0.396 0.204 0.271 0.289 0.4 0.4 0.4 0.275 0.117 0.235 0.377 0.4 0.4 0.4 0.4 0.4 0.4 
0.25 0.364 0.351 0.21 0.117 0.227 0.4 0.25 0.4 0.4 0.298 0.319 0.248 0.36 0.388 0.4 0.333 0.15 0.4 0.4 0.4 0.4 0.4 0.4 0.4 0.4 
0.242 0.331 0.379 0.256 0.273 0.35 0.4 0.321 0.379 0.35 0.273 0.244 0.1 0.131 0.194 0.398 0.4 0.304 0.4 0.4 0.4 0.4 0.4 0.4 0.4 0.4 
0.4 0.4 0.4 0.394 0.146 0.173 0.4 0.217 0.356 0.194 0.204 0.1 0.1 0.1 0.115 0.362 0.365 0.267 0.36 0.321 0.39 0.4 0.4 0.388 0.335 0.323 
0.4 0.4 0.4 0.338 0.179 0.246 0.39 0.2 0.252 0.381 0.306 0.117 0.1 0.1 0.209 0.4 0.396 0.285 0.321 0.398 0.238 0.246 0.335 0.154 0.085 0.089 
0.4 0.4 0.4 0.4 0.271 0.281 0.377 0.102 0.233 0.4 0.4 0.252 0.1 0.096 0.072 0.4 0.4 0.4 0.4 0.338 0.167 0.369 0.285 0.112 0.076 0.016 
0.4 0.4 0.4 0.4 0.244 0.158 0.36 0.219 0.358 0.4 0.4 0.302 0.1 0.055 0.032 0.326 0.4 0.4 0.396 0.208 0.317 0.306 0.392 0.3 0.14 0.071 
0.4 0.4 0.4 0.394 0.219 0.1 0.283 0.348 0.304 0.4 0.4 0.385 0.219 0.103 0.048 0.163 0.392 0.4 0.4 0.39 0.388 0.398 0.348 0.271 0.367 0.233 
0.4 0.35 0.198 0.142 0.229 0.192 0.381 0.4 0.323 0.4 0.4 0.4 0.4 0.265 0.098 0.098 0.375 0.4 0.4 0.4 0.4 0.4 0.362 0.396 0.4 0.383 
0.4 0.34 0.283 0.394 0.4 0.4 0.4 0.4 0.396 0.4 0.4 0.4 0.298 0.127 0.294 0.348 0.223 0.346 0.4 0.4 0.4 0.4 0.4 0.4 0.4 0.4 
0.4 0.4 0.4 0.4 0.4 0.4 0.4 0.4 0.4 0.4 0.4 0.4 0.385 0.152 0.258 0.265 0.275 0.14 0.365 0.4 0.4 0.4 0.4 0.4 0.4 0.4 
0.4 0.4 0.4 0.4 0.4 0.4 0.377 0.4 0.4 0.4 0.338 0.367 0.382 0.348 0.312 0.142 0.288 0.162 0.248 0.4 0.4 0.4 0.4 0.4 0.4 0.4 
0.4 0.4 0.4 0.4 0.4 0.4 0.323 0.327 0.4 0.4 0.266 0.071 0.372 0.39 0.4 0.4 0.385 0.231 0.102 0.169 0.315 0.392 0.4 0.4 0.4 0.4 
0.4 0.4 0.4 0.4 0.4 0.4 0.279 0.256 0.383 0.4 0.331 0.03 0.062 0.299 0.4 0.377 0.252 0.25 0.094 0.133 0.231 0.344 0.4 0.4 0.4 0.4 
0.4 0.4 0.4 0.4 0.36 0.312 0.34 0.396 0.4 0.352 0.107 0.041 0.039 0.278 0.4 0.29 0.112 0.133 0.189 0.101 0.261 0.383 0.4 0.4 0.4 0.4 
0.4 0.4 0.4 0.306 0.121 0.275 0.335 0.285 0.39 0.149 0.196 0.198 0.106 0.13 0.308 0.377 0.131 0.244 0.206 0.081 0.143 0.331 0.4 0.4 0.4 0.4 
0.4 0.4 0.285 0.1 0.217 0.369 0.312 0.379 0.222 0.309 0.4 0.4 0.394 0.329 0.238 0.327 0.388 0.333 0.106 0.084 0.078 0.194 0.396 0.4 0.4 0.4 
0.4 0.39 0.265 0.262 0.319 0.177 0.308 0.152 0.05 0.358 0.4 0.4 0.4 0.4 0.362 0.35 0.388 0.383 0.396 0.183 0.061 0.1 0.335 0.4 0.4 0.4 
0.356 0.192 0.208 0.317 0.162 0.358 0.177 0.055 0.087 0.335 0.4 0.283 0.379 0.4 0.4 0.4 0.319 0.135 0.26 0.394 0.11 0.082 0.146 0.381 0.4 0.394 
0.091 0.329 0.348 0.183 0.32 0.122 0.046 0.067 0.256 0.4 0.283 0.135 0.317 0.4 0.4 0.4 0.4 0.379 0.169 0.367 0.165 0.07 0.1 0.104 0.162 0.185 
