Samples/AscendingBridge/Maps/roughness.txt
ncols         26
nrows         23
xllcorner     77700
yllcorner     226200
cellsize      300
NODATA_value  -9999 	 Unit:	m
0.9938 0.8819 0.4868 0.416 0.4667 0.5382 0.7569 0.6285 0.4111 0.55 0.2417 0.5 0.566 0.6319 0.6146 0.9479 1 0.7438 0.7306 0.3924 0.2167 0.8535 0.8958 0.9792 1 1 
0.7062 0.6944 0.3354 0.4 0.4806 0.7257 0.6979 0.8438 0.3174 0.5937 0.2375 0.2604 0.6535 0.7951 0.8576 0.909 0.8562 0.4875 0.75 0.95 0.8556 0.9833 1 1 1 1 
0.775 0.4708 0.3292 0.35 0.6007 0.8083 0.8715 0.9167 0.8146 0.45 0.2667 0.2389 0.6569 0.9757 1 0.8188 0.3562 0.4188 0.3375 0.2438 0.95 1 1 1 1 1 
0.9687 0.4722 0.35 0.7049 0.4319 0.1 0.6187 0.9625 1 0.9875 0.4125 0.6521 0.7236 1 1 1 0.6653 0.1889 0.5062 0.9312 1 1 1 1 1 1 
0.55 0.8965 0.934 0.4312 0.15 0.4812 1 0.55 1 1 0.6938 0.7646 0.5938 0.8812 0.9625 1 0.8444 0.4167 1 1 1 1 1 1 1 1 
0.525 0.7938 0.9375 0.5688 0.6187 0.85 1 0.7625 0.9375 0.85 0.6187 0.5535 0.1854 0.1937 0.3812 0.9938 1 0.7764 1 1 1 1 1 1 1 1 
1 1 1 0.9812 0.2375 0.3188 1 0.45 0.8688 0.3812 0.4125 0.1007 0.2 0.1375 0.1438 0.8875 0.9174 0.6889 0.9076 0.8153 0.9757 1 1 0.9708 0.7929 0.7482 
1 1 1 0.8125 0.3375 0.5375 0.9687 0.4 0.5562 0.9437 0.7188 0.1597 0.1993 0.1319 0.4917 1 0.9903 0.7326 0.8153 0.9951 0.6208 0.6403 0.8493 0.3778 0.0222 0.0188 
1 1 1 1 0.6125 0.6437 0.9312 0.1062 0.5 1 1 0.5611 0.1417 0.1312 0.5125 1 1 1 1 0.8542 0.4556 0.9271 0.7326 0.1969 0.0173 0.0106 
1 1 1 1 0.5312 0.275 0.8812 0.4562 0.875 1 1 0.7062 0.1028 0.3583 0.4889 0.8618 1 1 0.9903 0.5528 0.8056 0.7812 0.9806 0.7433 0.169 0.0167 
1 1 1 0.9812 0.4562 0.1 0.65 0.8438 0.7125 1 1 0.9562 0.4562 0.5542 0.3944 0.3743 0.975 1 1 0.9757 0.9708 0.9951 0.8785 0.6986 0.8911 0.4556 
1 0.85 0.3938 0.225 0.4875 0.375 0.9438 1 0.7687 1 1 1 1 0.6458 0.1083 0.1285 0.925 1 1 1 1 1 0.9125 0.9903 1 0.9456 
1 0.8188 0.65 0.9812 1 1 1 1 0.9875 1 1 1 0.6938 0.1813 0.6812 0.8438 0.4688 0.8375 1 1 1 1 1 1 1 1 
1 1 1 1 1 1 1 1 1 1 1 1 0.9562 0.2562 0.575 0.5937 0.625 0.2188 0.8938 1 1 1 1 1 1 1 
1 1 1 1 1 1 0.9312 1 1 1 0.9167 0.9549 0.9757 0.8438 0.7375 0.225 0.6625 0.2875 0.5438 1 1 1 1 1 1 1 
1 1 1 1 1 1 0.7687 0.7812 1 1 0.8194 0.5556 0.9618 0.9861 1 1 0.9611 0.4958 0.1271 0.3097 0.7438 0.975 1 1 1 1 
1 1 1 1 1 1 0.6375 0.5688 0.95 1 0.9062 0.5 0.516 0.8153 1 0.9389 0.6056 0.5986 0.2208 0.216 0.4938 0.8312 1 1 1 1 
1 1 1 1 0.8812 0.7375 0.8188 0.9875 1 0.9111 0.584 0.4389 0.45 0.6458 1 0.7056 0.2333 0.2889 0.6875 0.5132 0.5958 0.95 1 1 1 1 
1 1 1 0.7188 0.1625 0.625 0.8062 0.6562 0.9687 0.2903 0.4597 0.3938 0.191 0.2569 0.725 0.9389 0.2833 0.5833 0.5833 0.3701 0.3611 0.7938 1 1 1 1 
1 1 0.6562 0.1 0.45 0.9062 0.7375 0.9375 0.5493 0.7597 1 1 0.9812 0.7875 0.5125 0.7812 0.9667 0.8 0.1188 0.1917 0.225 0.3812 0.9875 1 1 1 
1 0.9687 0.5937 0.5875 0.7562 0.3312 0.725 0.291 0.3833 0.9125 1 1 1 1 0.8875 0.85 0.9625 0.95 0.9875 0.35 0.325 0.1 0.8062 1 1 1 
0.8688 0.375 0.425 0.75 0.2875 0.875 0.3312 0.3583 0.2125 0.8062 1 0.65 0.9375 1 1 1 0.7562 0.2062 0.5812 0.9812 0.3132 0.2056 0.2375 0.9438 1 0.9812 
0.3146 0.8972 0.8438 0.35 0.8028 0.625 0.4257 0.2889 0.6583 1 0.65 0.2062 0.75 1 1 1 1 0.9375 0.3062 0.9 0.2937 0.2722 0.1 0.1125 0.2875 0.3562 
