Samples/AscendingBridge/Computation/GRAL_Topography.txt
ncols         142
nrows         154
xllcorner     80350
yllcorner     228950
cellsize      10
NODATA_value  -9999
[rows 28 to 55 of 154, columns 0 to 61 of 142]
836.648 844.92004 844.92004 854.0192 864.0284 864.0284 864.0284 864.0284 864.0284 875.03845 875.03845 887.1495 887.1495 887.1495 875.03845 864.0284 854.0192 844.92004 836.648 829.128 815.78076 809.58 803.6745 803.6745 803.6745 792.6937 787.5923 782.7338 778.1067 778.1067 778.1067 773.6999 773.6999 773.6999 765.50586 758.0736 754.6208 748.20056 739.6718 727.9589 716.42456 709.46216 700 689.5 683.5 683.5 686.5 689.5 689.5 695.5 698.5 704.5906 714.63196 723.96094 727.9589 732.3044 739.6718 748.20056 748.20056 748.20056 754.6208 761.6991
836.648 844.92004 844.92004 854.0192 864.0284 875.03845 875.03845 875.03845 875.03845 875.03845 887.1495 887.1495 887.1495 887.1495 887.1495 875.03845 864.0284 844.92004 844.92004 829.128 815.78076 809.58 803.6745 792.6937 787.5923 787.5923 782.7338 778.1067 773.6999 769.5029 769.5029 769.5029 769.5029 769.5029 761.6991 758.0736 754.6208 748.20056 739.6718 730.0787 720.11816 712.87445 704.5906 692.5 683.5 682 683.5 688 689.5 695.5 698.5 704.5906 714.63196 722.0205 727.9589 734.6414 739.6718 748.20056 748.20056 748.20056 754.6208 761.6991
836.648 844.92004 844.92004 854.0192 864.0284 875.03845 875.03845 875.03845 875.03845 887.1495 887.1495 887.1495 887.1495 887.1495 875.03845 854.0192 854.0192 844.92004 836.648 822.2916 815.78076 809.58 798.0502 792.6937 782.7338 778.1067 773.6999 773.6999 765.50586 761.6991 758.0736 758.0736 761.6991 761.6991 758.0736 754.6208 754.6208 748.20056 745.2179 737.0953 727.9589 718.25305 709.46216 701.5 689.5 683.5 683.5 683.5 688 692.5 695.5 701.5 707.806 716.42456 725.9401 732.3044 739.6718 748.20056 748.20056 748.20056 754.6208 761.6991
836.648 836.648 844.92004 854.0192 864.0284 875.03845 887.1495 887.1495 887.1495 887.1495 887.1495 887.1495 887.1495 887.1495 854.0192 844.92004 836.648 836.648 829.128 822.2916 815.78076 809.58 798.0502 792.6937 782.7338 778.1067 769.5029 765.50586 758.0736 758.0736 754.6208 754.6208 754.6208 754.6208 754.6208 754.6208 751.3324 748.20056 748.20056 737.0953 730.0787 722.0205 716.42456 707.806 698.5 689.5 683.5 683.5 685 688 689.5 695.5 704.5906 711.1514 720.11816 727.9589 737.0953 742.3772 748.20056 748.20056 754.6208 761.6991
836.648 836.648 844.92004 854.0192 864.0284 875.03845 887.1495 887.1495 887.1495 887.1495 887.1495 887.1495 875.03845 864.0284 854.0192 836.648 829.128 829.128 829.128 822.2916 815.78076 809.58 798.0502 787.5923 782.7338 773.6999 765.50586 758.0736 754.6208 751.3324 745.2179 742.3772 745.2179 748.20056 751.3324 748.20056 748.20056 748.20056 748.20056 739.6718 732.3044 723.96094 716.42456 709.46216 704.5906 695.5 683.5 683.5 683.5 685 688 692.5 698.5 707.806 716.42456 723.96094 732.3044 739.6718 748.20056 748.20056 754.6208 761.6991
836.648 836.648 844.92004 854.0192 864.0284 864.0284 875.03845 887.1495 887.1495 887.1495 887.1495 887.1495 864.0284 854.0192 844.92004 836.648 829.128 822.2916 815.78076 809.58 809.58 803.6745 798.0502 787.5923 778.1067 769.5029 761.6991 754.6208 751.3324 742.3772 737.0953 737.0953 739.6718 742.3772 742.3772 745.2179 745.2179 745.2179 745.2179 742.3772 737.0953 727.9589 718.25305 707.806 700 694 689.5 683.5 683.5 683.5 685 688 695.5 703.03 711.1514 718.25305 727.9589 737.0953 745.2179 748.20056 751.3324 761.6991
836.648 836.648 844.92004 854.0192 854.0192 864.0284 875.03845 887.1495 887.1495 887.1495 887.1495 875.03845 875.03845 854.0192 844.92004 836.648 829.128 822.2916 815.78076 803.6745 798.0502 792.6937 787.5923 787.5923 778.1067 765.50586 758.0736 754.6208 745.2179 739.6718 737.0953 734.6414 734.6414 737.0953 737.0953 739.6718 739.6718 737.0953 737.0953 739.6718 737.0953 732.3044 720.11816 706.18243 698.5 694 689.5 683.5 683.5 683.5 683.5 686.5 691 698.5 707.806 714.63196 723.96094 732.3044 742.3772 748.20056 751.3324 754.6208
836.648 836.648 844.92004 854.0192 854.0192 864.0284 875.03845 887.1495 887.1495 887.1495 887.1495 875.03845 864.0284 844.92004 836.648 829.128 829.128 815.78076 809.58 809.58 803.6745 798.0502 787.5923 778.1067 773.6999 765.50586 758.0736 751.3324 742.3772 737.0953 734.6414 732.3044 730.0787 732.3044 732.3044 734.6414 732.3044 732.3044 732.3044 734.6414 737.0953 727.9589 718.25305 706.18243 698.5 697 692.5 686.5 683.5 685 685 685 689.5 697 704.5906 712.87445 722.0205 730.0787 739.6718 748.20056 748.20056 754.6208
829.128 836.648 844.92004 854.0192 854.0192 864.0284 875.03845 887.1495 887.1495 887.1495 887.1495 875.03845 864.0284 844.92004 836.648 829.128 822.2916 822.2916 815.78076 803.6745 792.6937 787.5923 782.7338 778.1067 765.50586 761.6991 758.0736 748.20056 739.6718 734.6414 732.3044 730.0787 727.9589 727.9589 727.9589 730.0787 727.9589 727.9589 727.9589 730.0787 732.3044 730.0787 722.0205 704.5906 701.5 698.5 695.5 689.5 683.5 683.5 686.5 685 689.5 695.5 704.5906 711.1514 720.11816 727.9589 739.6718 748.20056 748.20056 754.6208
829.128 836.648 844.92004 854.0192 864.0284 864.0284 875.03845 887.1495 887.1495 875.03845 875.03845 875.03845 864.0284 844.92004 844.92004 836.648 829.128 836.648 815.78076 803.6745 792.6937 782.7338 778.1067 769.5029 765.50586 761.6991 754.6208 745.2179 737.0953 732.3044 730.0787 727.9589 725.9401 725.9401 723.96094 723.96094 725.9401 723.96094 722.0205 723.96094 725.9401 723.96094 720.11816 707.806 703.03 701.5 697 692.5 685 683.5 685 685 688 695.5 703.03 711.1514 718.25305 727.9589 737.0953 748.20056 748.20056 751.3324
829.128 836.648 844.92004 854.0192 864.0284 864.0284 875.03845 875.03845 875.03845 864.0284 864.0284 864.0284 854.0192 854.0192 844.92004 836.648 836.648 822.2916 809.58 798.0502 792.6937 782.7338 778.1067 769.5029 761.6991 758.0736 751.3324 742.3772 734.6414 732.3044 730.0787 727.9589 723.96094 720.11816 720.11816 718.25305 718.25305 720.11816 718.25305 716.42456 716.42456 716.42456 712.87445 707.806 704.5906 701.5 698.5 692.5 686.5 685 685 685 689.5 695.5 704.5906 711.1514 718.25305 725.9401 737.0953 745.2179 751.3324 751.3324
836.648 836.648 844.92004 854.0192 854.0192 864.0284 875.03845 875.03845 864.0284 864.0284 854.0192 844.92004 844.92004 844.92004 836.648 829.128 829.128 822.2916 803.6745 798.0502 792.6937 782.7338 778.1067 769.5029 761.6991 758.0736 748.20056 739.6718 734.6414 730.0787 730.0787 725.9401 723.96094 720.11816 718.25305 716.42456 714.63196 716.42456 716.42456 714.63196 714.63196 712.87445 709.46216 707.806 704.5906 701.5 698.5 694 688 685 685 685 689.5 697 704.5906 711.1514 720.11816 727.9589 734.6414 745.2179 751.3324 751.3324
829.128 836.648 844.92004 844.92004 854.0192 854.0192 864.0284 875.03845 864.0284 854.0192 854.0192 844.92004 836.648 836.648 829.128 822.2916 815.78076 809.58 803.6745 798.0502 787.5923 782.7338 773.6999 765.50586 761.6991 758.0736 748.20056 739.6718 732.3044 727.9589 727.9589 725.9401 722.0205 718.25305 716.42456 711.1514 711.1514 711.1514 711.1514 712.87445 712.87445 711.1514 709.46216 707.806 704.5906 701.5 698.5 695.5 689.5 686.5 685 686.5 692.5 700 707.806 714.63196 720.11816 727.9589 737.0953 748.20056 751.3324 751.3324
829.128 829.128 836.648 844.92004 854.0192 854.0192 864.0284 864.0284 864.0284 854.0192 854.0192 844.92004 836.648 829.128 822.2916 815.78076 809.58 803.6745 798.0502 792.6937 787.5923 782.7338 778.1067 769.5029 761.6991 761.6991 754.6208 745.2179 737.0953 727.9589 727.9589 725.9401 720.11816 718.25305 716.42456 711.1514 709.46216 711.1514 711.1514 711.1514 711.1514 709.46216 707.806 704.5906 703.03 701.5 698.5 695.5 688 686.5 685 686.5 695.5 701.5 709.46216 716.42456 723.96094 730.0787 739.6718 748.20056 751.3324 758.0736
822.2916 829.128 836.648 836.648 844.92004 854.0192 854.0192 864.0284 864.0284 864.0284 854.0192 844.92004 836.648 836.648 829.128 822.2916 815.78076 809.58 803.6745 798.0502 792.6937 782.7338 782.7338 773.6999 765.50586 761.6991 758.0736 748.20056 739.6718 732.3044 727.9589 723.96094 718.25305 716.42456 714.63196 711.1514 709.46216 709.46216 709.46216 707.806 704.5906 707.806 706.18243 704.5906 701.5 698.5 695.5 692.5 686.5 686.5 685 692.5 698.5 704.5906 712.87445 718.25305 725.9401 734.6414 742.3772 751.3324 758.0736 765.50586
815.78076 822.2916 829.128 836.648 836.648 844.92004 854.0192 864.0284 864.0284 864.0284 854.0192 844.92004 836.648 836.648 829.128 822.2916 815.78076 809.58 809.58 803.6745 798.0502 792.6937 787.5923 778.1067 769.5029 761.6991 761.6991 754.6208 748.20056 737.0953 727.9589 720.11816 716.42456 714.63196 711.1514 709.46216 709.46216 709.46216 709.46216 704.5906 703.03 701.5 700 697 695.5 694 692.5 691 686.5 685 688 695.5 703.03 709.46216 716.42456 723.96094 730.0787 737.0953 748.20056 754.6208 761.6991 769.5029
809.58 815.78076 822.2916 829.128 836.648 844.92004 854.0192 864.0284 864.0284 864.0284 854.0192 844.92004 844.92004 836.648 829.128 829.128 822.2916 815.78076 815.78076 809.58 803.6745 798.0502 792.6937 782.7338 773.6999 765.50586 761.6991 758.0736 748.20056 742.3772 734.6414 725.9401 716.42456 711.1514 709.46216 707.806 707.806 707.806 706.18243 704.5906 701.5 701.5 698.5 694 692.5 692.5 689.5 686.5 686.5 686.5 692.5 700 707.806 714.63196 720.11816 727.9589 734.6414 742.3772 751.3324 758.0736 761.6991 769.5029
809.58 815.78076 822.2916 829.128 836.648 844.92004 854.0192 854.0192 864.0284 864.0284 854.0192 854.0192 844.92004 844.92004 836.648 829.128 829.128 822.2916 822.2916 829.128 809.58 803.6745 792.6937 787.5923 778.1067 769.5029 765.50586 758.0736 748.20056 739.6718 732.3044 725.9401 718.25305 711.1514 707.806 704.5906 706.18243 704.5906 701.5 701.5 700 698.5 695.5 694 692.5 689.5 686.5 686.5 686.5 691 695.5 701.5 707.806 716.42456 723.96094 730.0787 737.0953 745.2179 751.3324 754.6208 761.6991 769.5029
809.58 815.78076 815.78076 822.2916 836.648 844.92004 844.92004 854.0192 864.0284 864.0284 864.0284 854.0192 844.92004 844.92004 836.648 836.648 836.648 836.648 836.648 822.2916 815.78076 803.6745 792.6937 787.5923 778.1067 769.5029 765.50586 758.0736 748.20056 739.6718 734.6414 727.9589 718.25305 711.1514 706.18243 704.5906 704.5906 701.5 700 698.5 695.5 695.5 694 691 688 686.5 686.5 686.5 691 692.5 698.5 704.5906 711.1514 718.25305 725.9401 734.6414 739.6718 748.20056 751.3324 754.6208 761.6991 769.5029
803.6745 809.58 815.78076 822.2916 829.128 836.648 844.92004 854.0192 864.0284 864.0284 864.0284 854.0192 854.0192 844.92004 844.92004 844.92004 844.92004 836.648 829.128 815.78076 809.58 803.6745 792.6937 787.5923 778.1067 769.5029 765.50586 758.0736 751.3324 742.3772 734.6414 727.9589 720.11816 711.1514 706.18243 704.5906 703.03 700 698.5 695.5 695.5 692.5 689.5 688 686.5 686.5 689.5 691 692.5 694 698.5 704.5906 712.87445 720.11816 727.9589 737.0953 742.3772 748.20056 751.3324 754.6208 761.6991 769.5029
803.6745 809.58 815.78076 822.2916 829.128 836.648 844.92004 854.0192 864.0284 864.0284 864.0284 864.0284 854.0192 854.0192 854.0192 854.0192 844.92004 836.648 829.128 815.78076 809.58 803.6745 792.6937 787.5923 778.1067 769.5029 765.50586 761.6991 754.6208 745.2179 737.0953 730.0787 723.96094 714.63196 706.18243 703.03 701.5 698.5 695.5 695.5 691 689.5 688 686.5 686.5 689.5 691 692.5 692.5 694 700 706.18243 714.63196 720.11816 727.9589 737.0953 745.2179 748.20056 754.6208 758.0736 765.50586 773.6999
803.6745 809.58 815.78076 822.2916 829.128 836.648 844.92004 854.0192 864.0284 864.0284 875.03845 864.0284 864.0284 854.0192 854.0192 854.0192 844.92004 836.648 829.128 815.78076 809.58 803.6745 792.6937 787.5923 778.1067 769.5029 765.50586 758.0736 751.3324 745.2179 737.0953 727.9589 723.96094 714.63196 704.5906 701.5 698.5 695.5 695.5 691 688 688 686.5 686.5 689.5 691 691 692.5 695.5 694 698.5 704.5906 712.87445 720.11816 727.9589 737.0953 745.2179 751.3324 754.6208 761.6991 765.50586 773.6999
809.58 815.78076 815.78076 822.2916 822.2916 836.648 844.92004 844.92004 854.0192 864.0284 864.0284 864.0284 864.0284 864.0284 854.0192 854.0192 844.92004 836.648 829.128 822.2916 809.58 803.6745 792.6937 787.5923 778.1067 769.5029 765.50586 758.0736 751.3324 742.3772 734.6414 727.9589 720.11816 712.87445 703.03 700 695.5 691 689.5 688 688 686.5 686.5 689.5 692.5 692.5 691 691 695.5 694 698.5 704.5906 712.87445 720.11816 727.9589 737.0953 745.2179 748.20056 754.6208 761.6991 765.50586 769.5029
803.6745 809.58 815.78076 815.78076 822.2916 829.128 836.648 844.92004 854.0192 854.0192 864.0284 864.0284 864.0284 864.0284 854.0192 854.0192 844.92004 836.648 836.648 829.128 815.78076 803.6745 792.6937 787.5923 778.1067 769.5029 765.50586 758.0736 751.3324 745.2179 737.0953 727.9589 718.25305 709.46216 700 697 691 689.5 689.5 688 688 686.5 689.5 691 691 692.5 692.5 692.5 694 694 698.5 706.18243 714.63196 720.11816 727.9589 734.6414 742.3772 748.20056 754.6208 761.6991 765.50586 769.5029
798.0502 803.6745 809.58 815.78076 822.2916 822.2916 829.128 836.648 844.92004 854.0192 854.0192 864.0284 864.0284 864.0284 864.0284 854.0192 854.0192 844.92004 836.648 836.648 809.58 803.6745 792.6937 787.5923 778.1067 769.5029 765.50586 758.0736 751.3324 745.2179 739.6718 732.3044 723.96094 711.1514 698.5 695.5 689.5 689.5 689.5 689.5 686.5 691 692.5 692.5 692.5 692.5 692.5 695.5 695.5 694 698.5 706.18243 714.63196 722.0205 727.9589 737.0953 742.3772 748.20056 754.6208 758.0736 765.50586 769.5029
792.6937 803.6745 809.58 809.58 815.78076 822.2916 829.128 836.648 844.92004 844.92004 854.0192 864.0284 864.0284 864.0284 864.0284 854.0192 854.0192 854.0192 844.92004 829.128 803.6745 798.0502 792.6937 782.7338 773.6999 769.5029 765.50586 758.0736 751.3324 742.3772 737.0953 727.9589 720.11816 709.46216 698.5 691 689.5 689.5 689.5 688 689.5 692.5 692.5 692.5 692.5 692.5 694 695.5 695.5 695.5 698.5 706.18243 714.63196 723.96094 730.0787 737.0953 742.3772 748.20056 751.3324 758.0736 761.6991 765.50586
792.6937 798.0502 803.6745 809.58 815.78076 822.2916 822.2916 829.128 836.648 844.92004 854.0192 864.0284 864.0284 864.0284 854.0192 854.0192 854.0192 854.0192 844.92004 836.648 803.6745 792.6937 787.5923 778.1067 769.5029 769.5029 761.6991 754.6208 748.20056 745.2179 737.0953 727.9589 716.42456 704.5906 695.5 689.5 689.5 689.5 689.5 689.5 692.5 695.5 695.5 695.5 695.5 695.5 695.5 695.5 695.5 695.5 698.5 706.18243 716.42456 723.96094 730.0787 734.6414 739.6718 745.2179 751.3324 754.6208 761.6991 761.6991
787.5923 792.6937 798.0502 803.6745 809.58 815.78076 822.2916 829.128 836.648 844.92004 844.92004 854.0192 854.0192 844.92004 844.92004 836.648 829.128 844.92004 822.2916 803.6745 798.0502 787.5923 782.7338 773.6999 769.5029 765.50586 758.0736 751.3324 745.2179 739.6718 734.6414 723.96094 711.1514 698.5 691 689.5 689.5 689.5 689.5 692.5 692.5 695.5 695.5 695.5 695.5 695.5 695.5 695.5 695.5 695.5 698.5 706.18243 716.42456 723.96094 727.9589 732.3044 737.0953 742.3772 748.20056 751.3324 754.6208 758.0736
