Samples/AscendingBridge/Computation/GRAL_Topography.txt
ncols         142
nrows         154
xllcorner     80350
yllcorner     228950
cellsize      10
NODATA_value  -9999
[rows 56 to 83 of 154, columns 62 to 123 of 142]
754.6208 754.6208 758.0736 761.6991 765.50586 765.50586 765.50586 761.6991 761.6991 761.6991 758.0736 761.6991 765.50586 765.50586 765.50586 769.5029 773.6999 778.1067 782.7338 787.5923 792.6937 798.0502 803.6745 809.58 809.58 815.78076 822.2916 829.128 836.648 836.648 844.92004 844.92004 854.0192 854.0192 864.0284 864.0284 875.03845 875.03845 875.03845 887.1495 887.1495 887.1495 887.1495 887.1495 900.4717 900.4717 900.4717 915.12604 915.12604 915.12604 915.12604 931.24585 931.24585 931.24585 931.24585 931.24585 931.24585 931.24585 931.24585 931.24585 950.5896 950.5896
745.2179 748.20056 751.3324 754.6208 754.6208 758.0736 758.0736 754.6208 754.6208 758.0736 754.6208 754.6208 754.6208 761.6991 761.6991 765.50586 769.5029 773.6999 778.1067 782.7338 787.5923 792.6937 798.0502 803.6745 809.58 815.78076 815.78076 822.2916 829.128 836.648 836.648 844.92004 844.92004 854.0192 854.0192 864.0284 864.0284 864.0284 875.03845 875.03845 887.1495 887.1495 887.1495 887.1495 900.4717 900.4717 900.4717 915.12604 915.12604 915.12604 915.12604 931.24585 931.24585 931.24585 931.24585 931.24585 931.24585 931.24585 931.24585 931.24585 931.24585 950.5896
737.0953 739.6718 745.2179 745.2179 748.20056 748.20056 748.20056 748.20056 751.3324 751.3324 754.6208 754.6208 754.6208 754.6208 758.0736 761.6991 765.50586 769.5029 773.6999 778.1067 782.7338 787.5923 792.6937 798.0502 803.6745 809.58 815.78076 822.2916 822.2916 829.128 836.648 844.92004 844.92004 844.92004 854.0192 854.0192 864.0284 864.0284 875.03845 875.03845 875.03845 875.03845 875.03845 887.1495 900.4717 900.4717 900.4717 915.12604 915.12604 915.12604 915.12604 915.12604 915.12604 915.12604 915.12604 915.12604 915.12604 915.12604 931.24585 931.24585 931.24585 931.24585
730.0787 734.6414 737.0953 737.0953 739.6718 739.6718 739.6718 742.3772 742.3772 745.2179 748.20056 751.3324 754.6208 754.6208 754.6208 758.0736 761.6991 765.50586 769.5029 773.6999 778.1067 782.7338 787.5923 792.6937 798.0502 803.6745 809.58 815.78076 822.2916 829.128 836.648 836.648 844.92004 844.92004 844.92004 854.0192 854.0192 864.0284 864.0284 875.03845 875.03845 875.03845 875.03845 887.1495 900.4717 900.4717 900.4717 915.12604 915.12604 915.12604 915.12604 915.12604 915.12604 915.12604 915.12604 915.12604 915.12604 915.12604 915.12604 931.24585 931.24585 931.24585
722.0205 725.9401 727.9589 732.3044 732.3044 732.3044 734.6414 737.0953 737.0953 739.6718 739.6718 745.2179 751.3324 754.6208 758.0736 758.0736 758.0736 761.6991 765.50586 769.5029 773.6999 778.1067 782.7338 792.6937 798.0502 803.6745 809.58 815.78076 822.2916 822.2916 829.128 836.648 836.648 844.92004 844.92004 854.0192 854.0192 854.0192 864.0284 864.0284 864.0284 875.03845 875.03845 887.1495 900.4717 900.4717 900.4717 915.12604 915.12604 915.12604 915.12604 915.12604 915.12604 915.12604 915.12604 915.12604 915.12604 915.12604 915.12604 915.12604 931.24585 931.24585
714.63196 718.25305 722.0205 723.96094 725.9401 727.9589 727.9589 730.0787 730.0787 732.3044 734.6414 739.6718 745.2179 751.3324 754.6208 758.0736 758.0736 758.0736 761.6991 765.50586 769.5029 778.1067 782.7338 787.5923 798.0502 803.6745 803.6745 809.58 815.78076 822.2916 829.128 829.128 836.648 836.648 844.92004 844.92004 844.92004 854.0192 854.0192 854.0192 864.0284 864.0284 875.03845 887.1495 887.1495 900.4717 900.4717 900.4717 915.12604 915.12604 915.12604 915.12604 915.12604 915.12604 915.12604 915.12604 915.12604 915.12604 915.12604 915.12604 915.12604 915.12604
707.806 709.46216 714.63196 716.42456 718.25305 720.11816 723.96094 727.9589 727.9589 727.9589 730.0787 734.6414 739.6718 745.2179 751.3324 754.6208 758.0736 758.0736 761.6991 765.50586 765.50586 773.6999 782.7338 787.5923 792.6937 798.0502 803.6745 809.58 809.58 815.78076 822.2916 829.128 829.128 836.648 836.648 844.92004 844.92004 844.92004 844.92004 854.0192 854.0192 864.0284 875.03845 875.03845 887.1495 887.1495 900.4717 900.4717 900.4717 900.4717 900.4717 915.12604 915.12604 915.12604 915.12604 915.12604 900.4717 900.4717 915.12604 915.12604 915.12604 915.12604
700 701.5 704.5906 709.46216 712.87445 716.42456 718.25305 720.11816 723.96094 725.9401 725.9401 730.0787 734.6414 739.6718 745.2179 751.3324 754.6208 758.0736 758.0736 761.6991 765.50586 769.5029 778.1067 782.7338 787.5923 792.6937 798.0502 803.6745 809.58 815.78076 815.78076 822.2916 822.2916 829.128 836.648 836.648 836.648 836.648 836.648 844.92004 854.0192 864.0284 864.0284 875.03845 887.1495 887.1495 900.4717 900.4717 900.4717 900.4717 900.4717 900.4717 900.4717 900.4717 900.4717 900.4717 900.4717 900.4717 900.4717 900.4717 915.12604 915.12604
695.5 695.5 695.5 701.5 706.18243 711.1514 716.42456 716.42456 718.25305 720.11816 723.96094 725.9401 730.0787 734.6414 739.6718 745.2179 751.3324 754.6208 758.0736 758.0736 761.6991 765.50586 773.6999 778.1067 782.7338 787.5923 792.6937 798.0502 803.6745 809.58 815.78076 815.78076 822.2916 829.128 829.128 829.128 829.128 829.128 836.648 844.92004 854.0192 854.0192 864.0284 875.03845 875.03845 887.1495 887.1495 900.4717 900.4717 900.4717 900.4717 900.4717 900.4717 900.4717 900.4717 900.4717 887.1495 887.1495 887.1495 900.4717 900.4717 900.4717
695.5 695.5 695.5 698.5 700 701.5 703.03 707.806 712.87445 718.25305 720.11816 720.11816 725.9401 730.0787 734.6414 739.6718 745.2179 751.3324 754.6208 758.0736 758.0736 761.6991 769.5029 773.6999 778.1067 782.7338 787.5923 792.6937 798.0502 803.6745 809.58 815.78076 815.78076 822.2916 822.2916 822.2916 822.2916 829.128 836.648 844.92004 844.92004 854.0192 864.0284 864.0284 875.03845 875.03845 887.1495 887.1495 900.4717 900.4717 900.4717 900.4717 900.4717 900.4717 887.1495 887.1495 887.1495 887.1495 887.1495 887.1495 887.1495 900.4717
695.5 695.5 695.5 697 697 695.5 695.5 698.5 704.5906 712.87445 718.25305 718.25305 720.11816 725.9401 730.0787 734.6414 739.6718 745.2179 751.3324 754.6208 758.0736 758.0736 761.6991 769.5029 773.6999 778.1067 782.7338 787.5923 792.6937 798.0502 803.6745 809.58 815.78076 815.78076 815.78076 815.78076 815.78076 822.2916 829.128 836.648 844.92004 854.0192 854.0192 864.0284 864.0284 875.03845 875.03845 887.1495 887.1495 887.1495 887.1495 887.1495 887.1495 887.1495 875.03845 875.03845 875.03845 875.03845 875.03845 875.03845 887.1495 900.4717
698.5 698.5 698.5 698.5 697 695.5 695.5 695.5 700 706.18243 714.63196 718.25305 720.11816 720.11816 725.9401 730.0787 734.6414 739.6718 745.2179 751.3324 754.6208 758.0736 761.6991 761.6991 765.50586 773.6999 778.1067 782.7338 787.5923 792.6937 798.0502 803.6745 809.58 809.58 809.58 809.58 809.58 815.78076 829.128 836.648 844.92004 844.92004 854.0192 854.0192 864.0284 864.0284 875.03845 875.03845 875.03845 887.1495 875.03845 875.03845 875.03845 875.03845 864.0284 864.0284 875.03845 875.03845 875.03845 887.1495 887.1495 900.4717
701.5 701.5 701.5 701.5 701.5 698.5 697 695.5 695.5 701.5 709.46216 716.42456 720.11816 720.11816 720.11816 725.9401 730.0787 734.6414 739.6718 745.2179 751.3324 758.0736 758.0736 761.6991 761.6991 769.5029 773.6999 778.1067 782.7338 787.5923 792.6937 798.0502 803.6745 803.6745 803.6745 803.6745 809.58 815.78076 822.2916 836.648 836.648 844.92004 844.92004 854.0192 854.0192 864.0284 875.03845 875.03845 875.03845 875.03845 864.0284 854.0192 854.0192 854.0192 854.0192 864.0284 864.0284 875.03845 875.03845 887.1495 887.1495 900.4717
703.03 703.03 703.03 703.03 704.5906 703.03 700 697 695.5 698.5 704.5906 711.1514 718.25305 720.11816 720.11816 720.11816 725.9401 730.0787 734.6414 739.6718 745.2179 754.6208 758.0736 761.6991 761.6991 761.6991 769.5029 773.6999 778.1067 782.7338 787.5923 792.6937 798.0502 792.6937 792.6937 798.0502 809.58 815.78076 822.2916 829.128 829.128 836.648 844.92004 844.92004 854.0192 854.0192 864.0284 864.0284 864.0284 864.0284 844.92004 844.92004 844.92004 844.92004 854.0192 854.0192 864.0284 875.03845 887.1495 887.1495 900.4717 900.4717
703.03 703.03 703.03 703.03 704.5906 704.5906 704.5906 701.5 697 697 701.5 709.46216 716.42456 720.11816 720.11816 720.11816 720.11816 723.96094 727.9589 737.0953 742.3772 748.20056 751.3324 758.0736 761.6991 761.6991 761.6991 769.5029 773.6999 778.1067 782.7338 782.7338 787.5923 787.5923 787.5923 798.0502 803.6745 809.58 815.78076 822.2916 829.128 829.128 836.648 844.92004 854.0192 854.0192 854.0192 854.0192 844.92004 836.648 836.648 836.648 844.92004 844.92004 854.0192 864.0284 875.03845 875.03845 887.1495 887.1495 900.4717 915.12604
703.03 703.03 703.03 703.03 703.03 703.03 703.03 701.5 700 697 698.5 704.5906 711.1514 718.25305 720.11816 720.11816 720.11816 720.11816 723.96094 730.0787 737.0953 739.6718 745.2179 751.3324 754.6208 761.6991 761.6991 765.50586 769.5029 773.6999 778.1067 782.7338 782.7338 782.7338 782.7338 792.6937 803.6745 803.6745 809.58 815.78076 822.2916 829.128 836.648 844.92004 844.92004 836.648 836.648 829.128 822.2916 822.2916 829.128 836.648 844.92004 854.0192 854.0192 864.0284 875.03845 875.03845 887.1495 900.4717 900.4717 915.12604
701.5 703.03 703.03 703.03 703.03 701.5 701.5 703.03 701.5 697 697 701.5 707.806 714.63196 716.42456 714.63196 714.63196 716.42456 718.25305 725.9401 730.0787 734.6414 739.6718 745.2179 748.20056 754.6208 761.6991 761.6991 765.50586 769.5029 773.6999 778.1067 782.7338 782.7338 782.7338 787.5923 792.6937 803.6745 803.6745 815.78076 822.2916 829.128 836.648 836.648 836.648 822.2916 815.78076 815.78076 815.78076 822.2916 829.128 836.648 844.92004 854.0192 854.0192 864.0284 875.03845 887.1495 887.1495 900.4717 915.12604 915.12604
701.5 701.5 703.03 703.03 704.5906 701.5 701.5 701.5 701.5 698.5 697 698.5 704.5906 709.46216 711.1514 712.87445 714.63196 716.42456 718.25305 720.11816 723.96094 727.9589 732.3044 737.0953 745.2179 751.3324 758.0736 761.6991 761.6991 765.50586 769.5029 773.6999 778.1067 782.7338 782.7338 787.5923 792.6937 798.0502 803.6745 809.58 815.78076 822.2916 829.128 829.128 822.2916 815.78076 809.58 809.58 815.78076 822.2916 829.128 836.648 844.92004 854.0192 854.0192 864.0284 875.03845 875.03845 887.1495 900.4717 900.4717 915.12604
703.03 703.03 703.03 703.03 703.03 703.03 703.03 703.03 701.5 698.5 697 698.5 703.03 707.806 709.46216 711.1514 714.63196 716.42456 718.25305 720.11816 722.0205 725.9401 727.9589 734.6414 739.6718 745.2179 751.3324 758.0736 761.6991 761.6991 765.50586 769.5029 778.1067 778.1067 782.7338 782.7338 787.5923 792.6937 803.6745 809.58 815.78076 822.2916 822.2916 809.58 809.58 809.58 803.6745 809.58 822.2916 829.128 836.648 836.648 844.92004 854.0192 864.0284 864.0284 875.03845 875.03845 887.1495 887.1495 900.4717 900.4717
704.5906 703.03 703.03 703.03 703.03 703.03 703.03 704.5906 704.5906 701.5 698.5 698.5 701.5 704.5906 709.46216 711.1514 712.87445 716.42456 718.25305 720.11816 722.0205 723.96094 727.9589 730.0787 737.0953 742.3772 748.20056 754.6208 761.6991 761.6991 765.50586 765.50586 773.6999 778.1067 778.1067 782.7338 782.7338 792.6937 798.0502 803.6745 809.58 809.58 803.6745 798.0502 798.0502 798.0502 803.6745 815.78076 822.2916 829.128 836.648 844.92004 844.92004 854.0192 864.0284 864.0284 875.03845 875.03845 887.1495 887.1495 887.1495 887.1495
707.806 706.18243 706.18243 706.18243 707.806 707.806 704.5906 704.5906 704.5906 701.5 698.5 698.5 704.5906 704.5906 707.806 709.46216 712.87445 714.63196 718.25305 720.11816 722.0205 723.96094 725.9401 727.9589 732.3044 739.6718 745.2179 751.3324 758.0736 761.6991 761.6991 765.50586 769.5029 778.1067 778.1067 778.1067 782.7338 787.5923 792.6937 798.0502 803.6745 798.0502 792.6937 792.6937 792.6937 803.6745 809.58 815.78076 822.2916 829.128 836.648 844.92004 854.0192 854.0192 864.0284 864.0284 875.03845 875.03845 875.03845 875.03845 875.03845 875.03845
711.1514 711.1514 711.1514 711.1514 712.87445 711.1514 709.46216 706.18243 704.5906 703.03 701.5 700 704.5906 704.5906 706.18243 709.46216 712.87445 714.63196 718.25305 720.11816 722.0205 723.96094 725.9401 727.9589 730.0787 737.0953 742.3772 748.20056 754.6208 761.6991 761.6991 765.50586 769.5029 773.6999 773.6999 778.1067 778.1067 782.7338 792.6937 792.6937 792.6937 787.5923 787.5923 792.6937 798.0502 803.6745 809.58 815.78076 822.2916 829.128 836.648 844.92004 844.92004 854.0192 864.0284 864.0284 864.0284 864.0284 875.03845 875.03845 875.03845 875.03845
720.11816 718.25305 718.25305 718.25305 720.11816 716.42456 714.63196 709.46216 706.18243 704.5906 701.5 701.5 701.5 704.5906 706.18243 709.46216 712.87445 716.42456 718.25305 720.11816 723.96094 723.96094 725.9401 727.9589 730.0787 734.6414 737.0953 745.2179 751.3324 758.0736 761.6991 761.6991 765.50586 769.5029 773.6999 773.6999 778.1067 782.7338 782.7338 782.7338 782.7338 782.7338 782.7338 792.6937 798.0502 809.58 815.78076 822.2916 829.128 836.648 836.648 844.92004 854.0192 854.0192 854.0192 854.0192 864.0284 864.0284 864.0284 864.0284 864.0284 875.03845
727.9589 725.9401 725.9401 725.9401 723.96094 720.11816 718.25305 716.42456 711.1514 704.5906 704.5906 701.5 701.5 703.03 706.18243 709.46216 711.1514 714.63196 718.25305 720.11816 723.96094 723.96094 725.9401 727.9589 730.0787 732.3044 737.0953 739.6718 748.20056 754.6208 761.6991 761.6991 765.50586 769.5029 769.5029 773.6999 769.5029 773.6999 778.1067 778.1067 778.1067 778.1067 787.5923 792.6937 803.6745 809.58 815.78076 822.2916 829.128 836.648 844.92004 844.92004 844.92004 844.92004 844.92004 854.0192 854.0192 854.0192 854.0192 854.0192 864.0284 875.03845
737.0953 734.6414 732.3044 732.3044 727.9589 725.9401 723.96094 722.0205 716.42456 709.46216 704.5906 701.5 701.5 703.03 706.18243 707.806 711.1514 714.63196 718.25305 720.11816 722.0205 725.9401 725.9401 727.9589 730.0787 732.3044 734.6414 739.6718 745.2179 751.3324 758.0736 761.6991 765.50586 765.50586 769.5029 765.50586 769.5029 769.5029 769.5029 773.6999 773.6999 778.1067 787.5923 792.6937 803.6745 809.58 815.78076 822.2916 829.128 836.648 836.648 836.648 829.128 829.128 836.648 836.648 844.92004 844.92004 854.0192 864.0284 864.0284 875.03845
742.3772 739.6718 739.6718 737.0953 734.6414 730.0787 730.0787 727.9589 723.96094 714.63196 704.5906 701.5 701.5 701.5 704.5906 709.46216 711.1514 714.63196 718.25305 718.25305 720.11816 723.96094 725.9401 727.9589 730.0787 732.3044 734.6414 737.0953 742.3772 748.20056 754.6208 761.6991 765.50586 765.50586 765.50586 765.50586 765.50586 765.50586 765.50586 769.5029 778.1067 782.7338 792.6937 798.0502 803.6745 809.58 815.78076 822.2916 822.2916 822.2916 822.2916 815.78076 815.78076 822.2916 829.128 836.648 844.92004 854.0192 854.0192 864.0284 875.03845 875.03845
748.20056 745.2179 745.2179 742.3772 739.6718 737.0953 737.0953 734.6414 727.9589 720.11816 709.46216 701.5 701.5 701.5 704.5906 707.806 709.46216 711.1514 716.42456 718.25305 720.11816 723.96094 725.9401 727.9589 730.0787 734.6414 737.0953 737.0953 739.6718 748.20056 754.6208 761.6991 765.50586 765.50586 761.6991 761.6991 761.6991 765.50586 765.50586 769.5029 778.1067 782.7338 792.6937 798.0502 803.6745 809.58 809.58 809.58 809.58 809.58 809.58 809.58 815.78076 829.128 836.648 844.92004 844.92004 854.0192 864.0284 864.0284 875.03845 887.1495
754.6208 751.3324 751.3324 748.20056 745.2179 745.2179 745.2179 742.3772 732.3044 723.96094 714.63196 703.03 700 701.5 704.5906 707.806 709.46216 711.1514 714.63196 718.25305 720.11816 723.96094 727.9589 727.9589 730.0787 734.6414 737.0953 737.0953 739.6718 745.2179 751.3324 758.0736 765.50586 765.50586 761.6991 758.0736 758.0736 761.6991 765.50586 773.6999 778.1067 782.7338 787.5923 792.6937 798.0502 803.6745 803.6745 803.6745 803.6745 803.6745 809.58 815.78076 822.2916 829.128 836.648 844.92004 854.0192 864.0284 864.0284 875.03845 875.03845 887.1495
