Samples/AscendingBridge/Computation/GRAL_Topography.txt
ncols         142
nrows         154
xllcorner     80350
yllcorner     228950
cellsize      10
NODATA_value  -9999
[rows 112 to 139 of 154, columns 0 to 61 of 142]
730.0787 737.0953 742.3772 751.3324 761.6991 769.5029 782.7338 787.5923 798.0502 803.6745 815.78076 822.2916 829.128 836.648 844.92004 844.92004 854.0192 864.0284 864.0284 875.03845 887.1495 887.1495 900.4717 900.4717 900.4717 900.4717 900.4717 915.12604 915.12604 915.12604 915.12604 931.24585 931.24585 931.24585 950.5896 950.5896 950.5896 931.24585 931.24585 915.12604 915.12604 915.12604 900.4717 887.1495 887.1495 875.03845 875.03845 864.0284 864.0284 854.0192 854.0192 854.0192 854.0192 854.0192 854.0192 844.92004 844.92004 854.0192 854.0192 854.0192 854.0192 854.0192
727.9589 737.0953 745.2179 754.6208 761.6991 773.6999 782.7338 792.6937 798.0502 803.6745 815.78076 822.2916 829.128 836.648 844.92004 854.0192 854.0192 864.0284 875.03845 875.03845 887.1495 887.1495 900.4717 900.4717 900.4717 900.4717 900.4717 900.4717 915.12604 915.12604 915.12604 931.24585 931.24585 931.24585 931.24585 950.5896 931.24585 931.24585 915.12604 915.12604 915.12604 915.12604 900.4717 887.1495 887.1495 875.03845 875.03845 864.0284 854.0192 854.0192 844.92004 844.92004 844.92004 844.92004 844.92004 844.92004 844.92004 844.92004 844.92004 854.0192 854.0192 854.0192
727.9589 737.0953 748.20056 754.6208 765.50586 773.6999 782.7338 792.6937 803.6745 809.58 815.78076 829.128 836.648 836.648 844.92004 854.0192 854.0192 864.0284 864.0284 875.03845 875.03845 887.1495 887.1495 887.1495 900.4717 900.4717 900.4717 900.4717 900.4717 915.12604 915.12604 915.12604 931.24585 931.24585 931.24585 931.24585 931.24585 931.24585 915.12604 915.12604 915.12604 915.12604 900.4717 887.1495 875.03845 875.03845 875.03845 864.0284 854.0192 854.0192 844.92004 844.92004 836.648 836.648 836.648 836.648 836.648 836.648 836.648 844.92004 844.92004 844.92004
730.0787 739.6718 754.6208 761.6991 773.6999 782.7338 787.5923 792.6937 803.6745 809.58 822.2916 829.128 829.128 836.648 844.92004 854.0192 854.0192 854.0192 864.0284 864.0284 875.03845 875.03845 887.1495 887.1495 887.1495 900.4717 900.4717 900.4717 900.4717 900.4717 915.12604 915.12604 931.24585 931.24585 931.24585 931.24585 931.24585 915.12604 915.12604 915.12604 915.12604 915.12604 900.4717 887.1495 875.03845 875.03845 864.0284 864.0284 854.0192 854.0192 844.92004 836.648 836.648 829.128 829.128 829.128 829.128 829.128 829.128 836.648 836.648 836.648
737.0953 745.2179 758.0736 765.50586 773.6999 782.7338 787.5923 792.6937 803.6745 809.58 815.78076 822.2916 829.128 836.648 836.648 844.92004 844.92004 854.0192 854.0192 864.0284 864.0284 875.03845 875.03845 875.03845 887.1495 887.1495 900.4717 900.4717 900.4717 900.4717 915.12604 915.12604 915.12604 931.24585 931.24585 931.24585 931.24585 915.12604 915.12604 915.12604 915.12604 900.4717 900.4717 887.1495 887.1495 875.03845 875.03845 864.0284 854.0192 854.0192 844.92004 836.648 836.648 829.128 822.2916 822.2916 822.2916 822.2916 822.2916 829.128 829.128 836.648
737.0953 748.20056 754.6208 761.6991 769.5029 778.1067 787.5923 792.6937 798.0502 803.6745 815.78076 822.2916 822.2916 829.128 836.648 836.648 844.92004 844.92004 854.0192 854.0192 864.0284 864.0284 875.03845 875.03845 875.03845 887.1495 887.1495 900.4717 900.4717 900.4717 915.12604 915.12604 915.12604 931.24585 931.24585 931.24585 915.12604 915.12604 915.12604 915.12604 915.12604 900.4717 900.4717 900.4717 887.1495 875.03845 875.03845 864.0284 864.0284 854.0192 844.92004 836.648 836.648 829.128 822.2916 815.78076 815.78076 815.78076 815.78076 822.2916 822.2916 829.128
737.0953 745.2179 751.3324 761.6991 769.5029 778.1067 782.7338 787.5923 792.6937 803.6745 809.58 815.78076 815.78076 822.2916 829.128 836.648 836.648 844.92004 854.0192 854.0192 854.0192 864.0284 864.0284 875.03845 875.03845 887.1495 887.1495 900.4717 900.4717 900.4717 915.12604 915.12604 915.12604 915.12604 931.24585 931.24585 915.12604 915.12604 915.12604 915.12604 915.12604 915.12604 900.4717 900.4717 887.1495 887.1495 875.03845 875.03845 864.0284 854.0192 844.92004 844.92004 836.648 829.128 822.2916 815.78076 815.78076 809.58 809.58 809.58 815.78076 815.78076
732.3044 739.6718 748.20056 754.6208 765.50586 773.6999 782.7338 782.7338 787.5923 798.0502 803.6745 809.58 815.78076 822.2916 822.2916 829.128 836.648 836.648 844.92004 854.0192 854.0192 854.0192 864.0284 875.03845 875.03845 887.1495 887.1495 900.4717 900.4717 900.4717 915.12604 915.12604 915.12604 915.12604 915.12604 915.12604 915.12604 915.12604 915.12604 915.12604 915.12604 915.12604 915.12604 900.4717 900.4717 887.1495 875.03845 875.03845 864.0284 854.0192 844.92004 844.92004 836.648 829.128 822.2916 815.78076 815.78076 809.58 809.58 809.58 809.58 809.58
732.3044 737.0953 745.2179 751.3324 758.0736 769.5029 778.1067 782.7338 792.6937 798.0502 803.6745 809.58 815.78076 815.78076 822.2916 829.128 829.128 836.648 844.92004 844.92004 854.0192 854.0192 864.0284 875.03845 875.03845 887.1495 887.1495 887.1495 900.4717 900.4717 915.12604 915.12604 915.12604 915.12604 915.12604 915.12604 915.12604 915.12604 915.12604 915.12604 915.12604 915.12604 915.12604 900.4717 887.1495 887.1495 875.03845 875.03845 864.0284 854.0192 844.92004 844.92004 836.648 829.128 822.2916 815.78076 815.78076 809.58 803.6745 803.6745 803.6745 803.6745
734.6414 737.0953 742.3772 748.20056 754.6208 769.5029 778.1067 782.7338 792.6937 798.0502 809.58 809.58 815.78076 815.78076 822.2916 829.128 829.128 836.648 844.92004 844.92004 854.0192 854.0192 864.0284 875.03845 875.03845 875.03845 887.1495 887.1495 900.4717 900.4717 915.12604 915.12604 915.12604 915.12604 915.12604 915.12604 915.12604 915.12604 915.12604 915.12604 915.12604 915.12604 900.4717 900.4717 887.1495 887.1495 875.03845 875.03845 864.0284 854.0192 854.0192 844.92004 844.92004 836.648 829.128 815.78076 815.78076 809.58 803.6745 798.0502 798.0502 798.0502
732.3044 737.0953 739.6718 745.2179 754.6208 765.50586 773.6999 782.7338 787.5923 798.0502 803.6745 809.58 815.78076 822.2916 822.2916 829.128 836.648 836.648 844.92004 844.92004 854.0192 854.0192 864.0284 875.03845 875.03845 875.03845 887.1495 887.1495 900.4717 900.4717 915.12604 915.12604 915.12604 915.12604 915.12604 915.12604 915.12604 915.12604 915.12604 915.12604 915.12604 900.4717 900.4717 900.4717 887.1495 887.1495 875.03845 875.03845 864.0284 864.0284 854.0192 854.0192 844.92004 836.648 829.128 822.2916 815.78076 809.58 803.6745 792.6937 787.5923 787.5923
734.6414 737.0953 739.6718 745.2179 754.6208 761.6991 769.5029 778.1067 787.5923 798.0502 803.6745 809.58 815.78076 822.2916 829.128 829.128 836.648 836.648 844.92004 844.92004 854.0192 854.0192 864.0284 875.03845 875.03845 887.1495 887.1495 887.1495 900.4717 900.4717 915.12604 915.12604 915.12604 915.12604 915.12604 915.12604 915.12604 915.12604 915.12604 915.12604 915.12604 900.4717 900.4717 887.1495 887.1495 875.03845 875.03845 875.03845 864.0284 864.0284 864.0284 854.0192 844.92004 844.92004 836.648 822.2916 815.78076 809.58 803.6745 792.6937 787.5923 782.7338
734.6414 737.0953 742.3772 748.20056 754.6208 765.50586 773.6999 782.7338 787.5923 798.0502 803.6745 815.78076 822.2916 829.128 829.128 836.648 836.648 844.92004 844.92004 854.0192 854.0192 864.0284 864.0284 875.03845 875.03845 887.1495 887.1495 900.4717 900.4717 900.4717 915.12604 915.12604 915.12604 915.12604 915.12604 915.12604 915.12604 915.12604 915.12604 915.12604 915.12604 900.4717 900.4717 887.1495 875.03845 875.03845 875.03845 864.0284 864.0284 864.0284 854.0192 854.0192 844.92004 844.92004 836.648 822.2916 815.78076 815.78076 803.6745 798.0502 787.5923 778.1067
734.6414 739.6718 745.2179 751.3324 758.0736 765.50586 773.6999 782.7338 787.5923 798.0502 809.58 815.78076 822.2916 829.128 836.648 844.92004 844.92004 844.92004 854.0192 854.0192 854.0192 864.0284 864.0284 875.03845 875.03845 887.1495 900.4717 900.4717 900.4717 915.12604 915.12604 915.12604 915.12604 915.12604 915.12604 915.12604 915.12604 915.12604 915.12604 915.12604 900.4717 900.4717 887.1495 887.1495 875.03845 875.03845 864.0284 864.0284 854.0192 854.0192 854.0192 854.0192 844.92004 844.92004 836.648 822.2916 815.78076 815.78076 809.58 798.0502 792.6937 782.7338
737.0953 742.3772 748.20056 754.6208 761.6991 765.50586 773.6999 782.7338 792.6937 798.0502 809.58 815.78076 822.2916 829.128 836.648 844.92004 844.92004 854.0192 854.0192 864.0284 864.0284 864.0284 875.03845 875.03845 887.1495 887.1495 900.4717 900.4717 915.12604 915.12604 915.12604 915.12604 915.12604 915.12604 915.12604 915.12604 915.12604 915.12604 915.12604 915.12604 900.4717 900.4717 887.1495 887.1495 875.03845 875.03845 864.0284 854.0192 854.0192 844.92004 844.92004 844.92004 836.648 836.648 836.648 822.2916 815.78076 815.78076 809.58 798.0502 792.6937 782.7338
739.6718 745.2179 754.6208 761.6991 765.50586 769.5029 778.1067 787.5923 792.6937 803.6745 809.58 815.78076 822.2916 829.128 836.648 844.92004 854.0192 854.0192 864.0284 864.0284 864.0284 875.03845 875.03845 875.03845 887.1495 887.1495 900.4717 900.4717 915.12604 915.12604 915.12604 915.12604 915.12604 915.12604 915.12604 915.12604 915.12604 915.12604 915.12604 915.12604 900.4717 900.4717 887.1495 887.1495 875.03845 864.0284 864.0284 854.0192 844.92004 844.92004 836.648 836.648 829.128 829.128 829.128 822.2916 815.78076 809.58 803.6745 798.0502 787.5923 782.7338
745.2179 751.3324 758.0736 761.6991 769.5029 778.1067 782.7338 787.5923 798.0502 803.6745 809.58 815.78076 829.128 836.648 844.92004 844.92004 854.0192 864.0284 864.0284 864.0284 875.03845 875.03845 887.1495 887.1495 887.1495 887.1495 900.4717 900.4717 915.12604 915.12604 915.12604 915.12604 915.12604 915.12604 915.12604 915.12604 915.12604 915.12604 915.12604 915.12604 900.4717 900.4717 887.1495 887.1495 875.03845 875.03845 864.0284 854.0192 854.0192 844.92004 836.648 829.128 829.128 822.2916 815.78076 815.78076 815.78076 809.58 803.6745 792.6937 787.5923 782.7338
748.20056 754.6208 761.6991 769.5029 778.1067 782.7338 787.5923 798.0502 803.6745 809.58 815.78076 822.2916 829.128 836.648 844.92004 854.0192 854.0192 864.0284 875.03845 875.03845 875.03845 887.1495 887.1495 887.1495 887.1495 900.4717 900.4717 900.4717 915.12604 915.12604 915.12604 915.12604 915.12604 915.12604 915.12604 915.12604 915.12604 915.12604 915.12604 915.12604 900.4717 900.4717 887.1495 887.1495 875.03845 875.03845 864.0284 854.0192 854.0192 844.92004 836.648 836.648 829.128 822.2916 815.78076 815.78076 815.78076 809.58 798.0502 798.0502 792.6937 792.6937
748.20056 758.0736 761.6991 769.5029 778.1067 782.7338 792.6937 798.0502 809.58 809.58 815.78076 822.2916 829.128 836.648 844.92004 844.92004 854.0192 864.0284 864.0284 875.03845 875.03845 887.1495 887.1495 900.4717 900.4717 900.4717 900.4717 915.12604 915.12604 915.12604 915.12604 915.12604 915.12604 915.12604 915.12604 915.12604 915.12604 915.12604 915.12604 915.12604 900.4717 900.4717 887.1495 887.1495 875.03845 864.0284 864.0284 854.0192 844.92004 844.92004 836.648 836.648 829.128 822.2916 815.78076 815.78076 815.78076 809.58 803.6745 803.6745 803.6745 798.0502
748.20056 754.6208 761.6991 765.50586 773.6999 782.7338 787.5923 792.6937 803.6745 809.58 809.58 815.78076 822.2916 829.128 836.648 844.92004 854.0192 854.0192 864.0284 875.03845 875.03845 887.1495 900.4717 900.4717 900.4717 915.12604 915.12604 915.12604 915.12604 915.12604 915.12604 915.12604 915.12604 915.12604 915.12604 915.12604 915.12604 915.12604 915.12604 900.4717 900.4717 887.1495 887.1495 875.03845 875.03845 864.0284 864.0284 854.0192 844.92004 844.92004 836.648 836.648 829.128 829.128 822.2916 815.78076 815.78076 815.78076 815.78076 809.58 809.58 803.6745
748.20056 751.3324 758.0736 765.50586 769.5029 778.1067 782.7338 792.6937 798.0502 803.6745 809.58 815.78076 822.2916 829.128 836.648 836.648 844.92004 854.0192 864.0284 864.0284 875.03845 887.1495 887.1495 900.4717 900.4717 915.12604 915.12604 915.12604 915.12604 915.12604 915.12604 915.12604 915.12604 915.12604 915.12604 915.12604 915.12604 915.12604 900.4717 900.4717 900.4717 887.1495 887.1495 875.03845 875.03845 864.0284 854.0192 854.0192 844.92004 844.92004 844.92004 836.648 836.648 829.128 829.128 822.2916 822.2916 815.78076 815.78076 815.78076 815.78076 815.78076
751.3324 754.6208 758.0736 761.6991 765.50586 773.6999 778.1067 782.7338 792.6937 798.0502 803.6745 809.58 815.78076 822.2916 829.128 836.648 844.92004 854.0192 854.0192 864.0284 875.03845 875.03845 887.1495 900.4717 900.4717 915.12604 915.12604 915.12604 915.12604 915.12604 915.12604 915.12604 915.12604 915.12604 915.12604 915.12604 915.12604 915.12604 900.4717 900.4717 887.1495 887.1495 875.03845 875.03845 864.0284 864.0284 854.0192 854.0192 854.0192 844.92004 844.92004 844.92004 836.648 836.648 829.128 829.128 829.128 822.2916 822.2916 815.78076 815.78076 815.78076
758.0736 754.6208 758.0736 761.6991 765.50586 769.5029 778.1067 782.7338 787.5923 792.6937 803.6745 803.6745 815.78076 822.2916 829.128 836.648 844.92004 844.92004 854.0192 864.0284 875.03845 875.03845 887.1495 887.1495 900.4717 915.12604 915.12604 915.12604 915.12604 915.12604 915.12604 915.12604 915.12604 915.12604 915.12604 915.12604 915.12604 915.12604 900.4717 900.4717 887.1495 887.1495 875.03845 875.03845 864.0284 864.0284 854.0192 854.0192 854.0192 854.0192 854.0192 854.0192 844.92004 844.92004 836.648 836.648 836.648 836.648 836.648 829.128 822.2916 822.2916
765.50586 761.6991 758.0736 761.6991 761.6991 769.5029 773.6999 778.1067 782.7338 792.6937 798.0502 803.6745 809.58 815.78076 822.2916 829.128 836.648 844.92004 854.0192 864.0284 864.0284 875.03845 887.1495 887.1495 900.4717 900.4717 915.12604 915.12604 915.12604 915.12604 915.12604 915.12604 915.12604 915.12604 915.12604 915.12604 915.12604 915.12604 900.4717 900.4717 887.1495 887.1495 875.03845 875.03845 864.0284 864.0284 864.0284 864.0284 864.0284 864.0284 854.0192 854.0192 854.0192 844.92004 844.92004 844.92004 844.92004 844.92004 844.92004 836.648 829.128 822.2916
773.6999 769.5029 765.50586 765.50586 765.50586 769.5029 773.6999 778.1067 782.7338 792.6937 798.0502 803.6745 809.58 815.78076 822.2916 829.128 836.648 844.92004 854.0192 854.0192 864.0284 875.03845 887.1495 887.1495 900.4717 900.4717 915.12604 915.12604 915.12604 915.12604 915.12604 915.12604 915.12604 915.12604 915.12604 915.12604 915.12604 915.12604 900.4717 900.4717 887.1495 887.1495 875.03845 875.03845 864.0284 864.0284 864.0284 864.0284 864.0284 864.0284 864.0284 864.0284 854.0192 854.0192 854.0192 854.0192 854.0192 844.92004 854.0192 836.648 829.128 829.128
782.7338 778.1067 773.6999 773.6999 773.6999 773.6999 773.6999 778.1067 782.7338 787.5923 792.6937 803.6745 809.58 815.78076 822.2916 829.128 836.648 844.92004 854.0192 854.0192 864.0284 875.03845 875.03845 887.1495 900.4717 900.4717 915.12604 915.12604 915.12604 915.12604 915.12604 915.12604 915.12604 915.12604 915.12604 915.12604 915.12604 915.12604 900.4717 900.4717 887.1495 887.1495 875.03845 875.03845 875.03845 864.0284 875.03845 875.03845 875.03845 875.03845 875.03845 864.0284 864.0284 854.0192 854.0192 854.0192 854.0192 854.0192 854.0192 836.648 829.128 829.128
787.5923 782.7338 782.7338 782.7338 782.7338 778.1067 778.1067 782.7338 782.7338 787.5923 792.6937 798.0502 809.58 815.78076 822.2916 829.128 836.648 844.92004 844.92004 854.0192 864.0284 875.03845 875.03845 887.1495 887.1495 900.4717 915.12604 915.12604 915.12604 915.12604 915.12604 931.24585 931.24585 931.24585 915.12604 915.12604 915.12604 915.12604 900.4717 900.4717 887.1495 887.1495 875.03845 875.03845 875.03845 875.03845 875.03845 875.03845 887.1495 875.03845 875.03845 875.03845 864.0284 864.0284 864.0284 864.0284 864.0284 864.0284 854.0192 844.92004 836.648 829.128
798.0502 792.6937 792.6937 792.6937 792.6937 787.5923 782.7338 782.7338 787.5923 787.5923 792.6937 798.0502 803.6745 809.58 815.78076 822.2916 829.128 836.648 844.92004 854.0192 864.0284 864.0284 875.03845 887.1495 887.1495 900.4717 900.4717 915.12604 915.12604 931.24585 931.24585 931.24585 931.24585 931.24585 931.24585 915.12604 915.12604 915.12604 900.4717 900.4717 900.4717 887.1495 887.1495 875.03845 875.03845 875.03845 875.03845 887.1495 887.1495 887.1495 887.1495 875.03845 875.03845 875.03845 875.03845 875.03845 875.03845 864.0284 854.0192 844.92004 836.648 829.128
