Samples/AscendingBridge/Computation/GRAL_Topography.txt
ncols         142
nrows         154
xllcorner     80350
yllcorner     228950
cellsize      10
NODATA_value  -9999
[rows 56 to 83 of 154, columns 0 to 61 of 142]
782.7338 787.5923 792.6937 798.0502 803.6745 815.78076 815.78076 829.128 829.128 836.648 844.92004 854.0192 844.92004 844.92004 836.648 829.128 822.2916 815.78076 809.58 803.6745 792.6937 787.5923 778.1067 773.6999 769.5029 761.6991 754.6208 748.20056 742.3772 737.0953 727.9589 718.25305 707.806 695.5 691 689.5 689.5 691 692.5 692.5 692.5 695.5 695.5 695.5 695.5 695.5 695.5 695.5 695.5 697 700 706.18243 712.87445 720.11816 725.9401 727.9589 734.6414 739.6718 742.3772 745.2179 748.20056 751.3324
778.1067 782.7338 787.5923 792.6937 803.6745 809.58 815.78076 822.2916 829.128 836.648 844.92004 854.0192 844.92004 836.648 829.128 822.2916 815.78076 809.58 803.6745 798.0502 792.6937 782.7338 778.1067 773.6999 769.5029 761.6991 754.6208 748.20056 739.6718 732.3044 725.9401 716.42456 706.18243 695.5 691 691 692.5 692.5 692.5 692.5 695.5 695.5 695.5 695.5 695.5 695.5 695.5 697 695.5 698.5 701.5 706.18243 709.46216 716.42456 720.11816 723.96094 727.9589 732.3044 734.6414 737.0953 739.6718 742.3772
773.6999 778.1067 782.7338 792.6937 798.0502 809.58 815.78076 822.2916 829.128 829.128 844.92004 854.0192 844.92004 836.648 829.128 822.2916 815.78076 809.58 803.6745 798.0502 792.6937 782.7338 778.1067 773.6999 769.5029 765.50586 758.0736 751.3324 742.3772 734.6414 723.96094 712.87445 701.5 692.5 689.5 691 692.5 695.5 695.5 695.5 695.5 695.5 695.5 695.5 695.5 695.5 695.5 697 697 698.5 703.03 706.18243 706.18243 709.46216 714.63196 716.42456 720.11816 725.9401 727.9589 730.0787 732.3044 734.6414
769.5029 778.1067 782.7338 792.6937 798.0502 803.6745 815.78076 822.2916 829.128 829.128 844.92004 854.0192 854.0192 844.92004 836.648 829.128 815.78076 809.58 803.6745 803.6745 792.6937 787.5923 782.7338 778.1067 769.5029 769.5029 765.50586 754.6208 742.3772 734.6414 723.96094 712.87445 703.03 694 689.5 691 692.5 695.5 695.5 695.5 695.5 695.5 695.5 695.5 695.5 695.5 695.5 697 697 698.5 703.03 704.5906 704.5906 706.18243 707.806 711.1514 714.63196 718.25305 720.11816 722.0205 725.9401 725.9401
769.5029 778.1067 787.5923 792.6937 803.6745 809.58 815.78076 822.2916 829.128 829.128 836.648 844.92004 844.92004 844.92004 836.648 829.128 822.2916 815.78076 809.58 803.6745 798.0502 792.6937 792.6937 787.5923 773.6999 769.5029 765.50586 758.0736 745.2179 737.0953 723.96094 714.63196 707.806 695.5 691 691 694 695.5 695.5 695.5 695.5 695.5 695.5 695.5 695.5 695.5 697 697 697 698.5 701.5 703.03 704.5906 704.5906 704.5906 707.806 711.1514 711.1514 712.87445 714.63196 716.42456 718.25305
769.5029 778.1067 787.5923 798.0502 803.6745 809.58 815.78076 829.128 829.128 829.128 836.648 844.92004 844.92004 844.92004 836.648 829.128 829.128 822.2916 815.78076 809.58 803.6745 798.0502 792.6937 787.5923 773.6999 769.5029 765.50586 754.6208 745.2179 737.0953 727.9589 720.11816 712.87445 700 692.5 691 691 691 694 692.5 694 695.5 695.5 695.5 695.5 695.5 695.5 697 697 695.5 695.5 698.5 698.5 701.5 704.5906 704.5906 704.5906 704.5906 706.18243 707.806 709.46216 711.1514
773.6999 782.7338 787.5923 798.0502 803.6745 809.58 815.78076 822.2916 829.128 829.128 836.648 844.92004 854.0192 844.92004 844.92004 836.648 829.128 822.2916 815.78076 809.58 803.6745 798.0502 787.5923 782.7338 778.1067 773.6999 765.50586 758.0736 751.3324 742.3772 734.6414 725.9401 718.25305 707.806 698.5 694 691 691 691 691 691 692.5 692.5 692.5 692.5 692.5 692.5 692.5 695.5 695.5 695.5 695.5 695.5 695.5 695.5 697 697 698.5 698.5 700 701.5 704.5906
778.1067 782.7338 787.5923 792.6937 798.0502 803.6745 809.58 815.78076 829.128 836.648 836.648 844.92004 854.0192 854.0192 844.92004 836.648 829.128 822.2916 815.78076 809.58 803.6745 798.0502 787.5923 782.7338 778.1067 773.6999 769.5029 761.6991 754.6208 748.20056 739.6718 727.9589 720.11816 711.1514 706.18243 698.5 695.5 692.5 694 692.5 692.5 692.5 692.5 692.5 692.5 692.5 692.5 692.5 692.5 692.5 692.5 692.5 694 695.5 695.5 695.5 695.5 695.5 695.5 697 698.5 698.5
773.6999 778.1067 782.7338 787.5923 798.0502 803.6745 809.58 815.78076 822.2916 829.128 836.648 844.92004 854.0192 854.0192 844.92004 836.648 836.648 829.128 815.78076 809.58 803.6745 798.0502 792.6937 787.5923 778.1067 773.6999 769.5029 765.50586 758.0736 751.3324 742.3772 734.6414 725.9401 718.25305 711.1514 707.806 701.5 695.5 695.5 695.5 695.5 695.5 695.5 695.5 694 692.5 695.5 695.5 695.5 692.5 692.5 692.5 692.5 692.5 692.5 692.5 694 694 695.5 694 695.5 695.5
769.5029 773.6999 778.1067 787.5923 792.6937 803.6745 809.58 815.78076 815.78076 829.128 836.648 836.648 844.92004 854.0192 844.92004 844.92004 836.648 829.128 822.2916 815.78076 809.58 803.6745 792.6937 787.5923 782.7338 778.1067 773.6999 769.5029 761.6991 754.6208 745.2179 737.0953 730.0787 725.9401 720.11816 714.63196 707.806 701.5 695.5 695.5 695.5 695.5 695.5 695.5 695.5 695.5 695.5 695.5 697 697 698.5 697 695.5 695.5 694 692.5 692.5 692.5 694 694 694 694
765.50586 769.5029 778.1067 787.5923 792.6937 798.0502 803.6745 809.58 815.78076 822.2916 836.648 836.648 844.92004 854.0192 854.0192 844.92004 836.648 829.128 822.2916 815.78076 809.58 803.6745 798.0502 792.6937 787.5923 778.1067 773.6999 773.6999 765.50586 758.0736 751.3324 745.2179 739.6718 732.3044 727.9589 720.11816 711.1514 704.5906 698.5 695.5 695.5 695.5 695.5 695.5 695.5 695.5 695.5 695.5 697 698.5 698.5 698.5 698.5 698.5 698.5 698.5 698.5 698.5 697 695.5 695.5 695.5
765.50586 773.6999 778.1067 787.5923 792.6937 803.6745 809.58 815.78076 822.2916 829.128 836.648 836.648 844.92004 854.0192 854.0192 844.92004 836.648 829.128 822.2916 815.78076 809.58 809.58 803.6745 798.0502 792.6937 792.6937 773.6999 773.6999 769.5029 761.6991 754.6208 751.3324 742.3772 737.0953 730.0787 720.11816 711.1514 706.18243 701.5 700 700 697 695.5 695.5 695.5 695.5 697 698.5 698.5 698.5 698.5 700 698.5 700 700 700 700 700 700 700 701.5 700
765.50586 773.6999 782.7338 787.5923 798.0502 803.6745 809.58 815.78076 829.128 836.648 836.648 836.648 844.92004 854.0192 854.0192 844.92004 836.648 836.648 829.128 822.2916 815.78076 815.78076 809.58 803.6745 798.0502 792.6937 778.1067 773.6999 773.6999 765.50586 758.0736 751.3324 742.3772 737.0953 727.9589 718.25305 711.1514 706.18243 703.03 701.5 703.03 701.5 697 695.5 695.5 697 698.5 700 698.5 698.5 698.5 700 700 700 700 701.5 701.5 701.5 701.5 701.5 701.5 701.5
769.5029 778.1067 787.5923 792.6937 803.6745 809.58 815.78076 822.2916 829.128 836.648 836.648 844.92004 844.92004 854.0192 854.0192 854.0192 844.92004 836.648 836.648 829.128 822.2916 815.78076 809.58 803.6745 798.0502 787.5923 778.1067 773.6999 773.6999 765.50586 758.0736 751.3324 742.3772 734.6414 727.9589 720.11816 714.63196 707.806 704.5906 701.5 698.5 701.5 700 695.5 695.5 697 698.5 698.5 698.5 700 698.5 698.5 700 700 700 701.5 701.5 701.5 701.5 701.5 701.5 701.5
769.5029 778.1067 787.5923 792.6937 803.6745 809.58 815.78076 822.2916 829.128 836.648 836.648 844.92004 844.92004 854.0192 864.0284 854.0192 854.0192 844.92004 836.648 829.128 822.2916 815.78076 809.58 803.6745 798.0502 787.5923 782.7338 773.6999 769.5029 761.6991 754.6208 748.20056 742.3772 734.6414 730.0787 725.9401 716.42456 709.46216 704.5906 703.03 701.5 701.5 700 695.5 695.5 697 698.5 698.5 700 700 700 700 700 700 700 701.5 701.5 701.5 701.5 701.5 701.5 703.03
769.5029 778.1067 787.5923 798.0502 803.6745 809.58 815.78076 815.78076 822.2916 829.128 836.648 844.92004 844.92004 844.92004 854.0192 864.0284 854.0192 844.92004 836.648 829.128 822.2916 815.78076 809.58 803.6745 792.6937 787.5923 782.7338 773.6999 769.5029 761.6991 754.6208 748.20056 742.3772 739.6718 737.0953 727.9589 720.11816 712.87445 706.18243 704.5906 703.03 703.03 701.5 695.5 695.5 697 698.5 700 700 700 700 700 700 700 700 701.5 701.5 701.5 701.5 701.5 701.5 703.03
769.5029 778.1067 787.5923 792.6937 798.0502 803.6745 809.58 815.78076 822.2916 829.128 836.648 844.92004 844.92004 844.92004 854.0192 864.0284 854.0192 844.92004 836.648 829.128 822.2916 815.78076 809.58 803.6745 792.6937 787.5923 778.1067 778.1067 769.5029 761.6991 754.6208 748.20056 745.2179 745.2179 742.3772 732.3044 723.96094 716.42456 707.806 704.5906 704.5906 704.5906 703.03 700 695.5 698.5 698.5 700 700 700 700 700 700 700 701.5 701.5 701.5 701.5 701.5 701.5 701.5 701.5
769.5029 778.1067 782.7338 787.5923 792.6937 798.0502 803.6745 815.78076 822.2916 829.128 836.648 836.648 844.92004 844.92004 854.0192 854.0192 854.0192 844.92004 836.648 829.128 822.2916 815.78076 809.58 803.6745 792.6937 787.5923 778.1067 778.1067 769.5029 761.6991 754.6208 751.3324 751.3324 754.6208 745.2179 737.0953 727.9589 720.11816 712.87445 709.46216 709.46216 707.806 704.5906 703.03 700 700 698.5 700 700 700 700 700 700 700 701.5 701.5 701.5 701.5 703.03 703.03 703.03 703.03
769.5029 773.6999 782.7338 787.5923 792.6937 803.6745 809.58 815.78076 822.2916 822.2916 829.128 836.648 844.92004 844.92004 854.0192 854.0192 854.0192 844.92004 836.648 829.128 822.2916 815.78076 809.58 803.6745 792.6937 787.5923 778.1067 778.1067 769.5029 765.50586 761.6991 758.0736 761.6991 754.6208 748.20056 739.6718 732.3044 725.9401 718.25305 714.63196 712.87445 709.46216 707.806 706.18243 704.5906 703.03 700 701.5 700 700 700 701.5 701.5 701.5 703.03 703.03 703.03 704.5906 704.5906 704.5906 704.5906 704.5906
765.50586 773.6999 782.7338 787.5923 798.0502 803.6745 809.58 809.58 815.78076 822.2916 829.128 836.648 836.648 844.92004 844.92004 854.0192 854.0192 844.92004 836.648 829.128 822.2916 815.78076 809.58 803.6745 792.6937 782.7338 782.7338 778.1067 773.6999 769.5029 765.50586 765.50586 765.50586 758.0736 751.3324 745.2179 737.0953 730.0787 723.96094 718.25305 716.42456 714.63196 711.1514 709.46216 707.806 706.18243 701.5 704.5906 704.5906 704.5906 703.03 704.5906 703.03 703.03 704.5906 704.5906 707.806 711.1514 711.1514 709.46216 707.806 706.18243
769.5029 778.1067 782.7338 792.6937 792.6937 798.0502 803.6745 809.58 815.78076 822.2916 829.128 829.128 836.648 844.92004 844.92004 854.0192 854.0192 844.92004 836.648 829.128 822.2916 815.78076 809.58 798.0502 792.6937 792.6937 787.5923 778.1067 778.1067 778.1067 773.6999 773.6999 769.5029 761.6991 754.6208 748.20056 742.3772 734.6414 727.9589 725.9401 720.11816 718.25305 714.63196 711.1514 711.1514 711.1514 707.806 709.46216 709.46216 707.806 707.806 707.806 707.806 706.18243 706.18243 707.806 712.87445 716.42456 718.25305 716.42456 712.87445 709.46216
769.5029 778.1067 782.7338 787.5923 787.5923 792.6937 798.0502 803.6745 809.58 815.78076 822.2916 829.128 836.648 844.92004 844.92004 854.0192 854.0192 844.92004 836.648 829.128 822.2916 815.78076 809.58 803.6745 803.6745 798.0502 792.6937 782.7338 782.7338 778.1067 778.1067 778.1067 773.6999 765.50586 761.6991 754.6208 745.2179 739.6718 734.6414 730.0787 725.9401 722.0205 718.25305 718.25305 718.25305 716.42456 714.63196 714.63196 714.63196 712.87445 712.87445 712.87445 712.87445 714.63196 714.63196 716.42456 718.25305 723.96094 725.9401 723.96094 718.25305 714.63196
769.5029 773.6999 778.1067 782.7338 787.5923 792.6937 798.0502 803.6745 809.58 815.78076 822.2916 829.128 836.648 844.92004 844.92004 854.0192 854.0192 844.92004 836.648 836.648 829.128 822.2916 815.78076 815.78076 809.58 803.6745 798.0502 792.6937 787.5923 787.5923 782.7338 778.1067 778.1067 769.5029 765.50586 758.0736 751.3324 745.2179 739.6718 734.6414 730.0787 727.9589 723.96094 725.9401 723.96094 723.96094 722.0205 723.96094 722.0205 720.11816 720.11816 720.11816 720.11816 722.0205 725.9401 727.9589 727.9589 730.0787 730.0787 727.9589 725.9401 722.0205
765.50586 769.5029 778.1067 782.7338 787.5923 792.6937 798.0502 803.6745 809.58 815.78076 822.2916 829.128 836.648 844.92004 854.0192 854.0192 854.0192 844.92004 844.92004 836.648 836.648 829.128 822.2916 815.78076 815.78076 809.58 803.6745 798.0502 792.6937 792.6937 792.6937 782.7338 778.1067 773.6999 769.5029 761.6991 754.6208 748.20056 745.2179 739.6718 737.0953 734.6414 732.3044 732.3044 730.0787 727.9589 727.9589 730.0787 727.9589 727.9589 727.9589 727.9589 727.9589 730.0787 734.6414 742.3772 739.6718 739.6718 737.0953 737.0953 732.3044 730.0787
765.50586 773.6999 778.1067 782.7338 787.5923 792.6937 798.0502 803.6745 809.58 815.78076 822.2916 829.128 836.648 844.92004 854.0192 854.0192 854.0192 854.0192 854.0192 844.92004 836.648 836.648 829.128 822.2916 815.78076 815.78076 809.58 803.6745 803.6745 803.6745 798.0502 787.5923 782.7338 778.1067 773.6999 765.50586 758.0736 754.6208 751.3324 751.3324 748.20056 748.20056 742.3772 739.6718 737.0953 737.0953 737.0953 737.0953 739.6718 737.0953 734.6414 734.6414 737.0953 739.6718 742.3772 751.3324 754.6208 751.3324 748.20056 745.2179 742.3772 739.6718
765.50586 773.6999 778.1067 782.7338 792.6937 798.0502 803.6745 809.58 815.78076 822.2916 822.2916 836.648 844.92004 844.92004 854.0192 854.0192 864.0284 864.0284 854.0192 854.0192 844.92004 844.92004 836.648 829.128 822.2916 815.78076 815.78076 809.58 809.58 809.58 803.6745 792.6937 782.7338 782.7338 778.1067 769.5029 765.50586 761.6991 761.6991 758.0736 758.0736 758.0736 754.6208 751.3324 748.20056 748.20056 748.20056 748.20056 748.20056 745.2179 745.2179 742.3772 745.2179 748.20056 754.6208 758.0736 765.50586 761.6991 754.6208 751.3324 748.20056 745.2179
769.5029 778.1067 778.1067 787.5923 798.0502 803.6745 809.58 815.78076 822.2916 822.2916 829.128 836.648 844.92004 854.0192 854.0192 854.0192 864.0284 864.0284 864.0284 854.0192 854.0192 844.92004 844.92004 836.648 829.128 822.2916 815.78076 815.78076 815.78076 815.78076 803.6745 798.0502 787.5923 782.7338 782.7338 778.1067 773.6999 769.5029 769.5029 765.50586 769.5029 769.5029 765.50586 758.0736 754.6208 758.0736 754.6208 758.0736 758.0736 754.6208 754.6208 751.3324 754.6208 758.0736 765.50586 769.5029 769.5029 765.50586 761.6991 761.6991 754.6208 751.3324
773.6999 778.1067 782.7338 787.5923 798.0502 809.58 815.78076 815.78076 822.2916 829.128 836.648 836.648 844.92004 854.0192 854.0192 864.0284 875.03845 875.03845 864.0284 864.0284 854.0192 854.0192 844.92004 836.648 836.648 829.128 822.2916 822.2916 822.2916 815.78076 809.58 803.6745 792.6937 787.5923 782.7338 782.7338 782.7338 778.1067 778.1067 778.1067 778.1067 778.1067 773.6999 769.5029 765.50586 765.50586 765.50586 765.50586 765.50586 765.50586 761.6991 758.0736 761.6991 769.5029 773.6999 778.1067 778.1067 773.6999 769.5029 765.50586 761.6991 758.0736
